0	1.83507e-23	0	2.71429e-25	0	1.48881e-23	2.21872e-23	3.08733e-25	0	3.5198e-24	4.25217e-24	1.51884e-24	0	0	0	8.93737e-26	0	6.82697e-24	7.0178e-24	
0.01	-0.00677408	0.0766238	-0.119975	0.0727341	-0.00773102	0.000553832	-0.119985	-0.0198333	0.0206264	-0.0567475	0.119977	-0.0188349	-0.000170438	-0.0103271	0.119983	0.0326687	-0.000603995	-0.00323418	
0.02	-0.0131568	0.146351	-0.23995	0.138665	-0.0145297	0.000498226	-0.239969	-0.0368783	0.0385882	-0.106975	0.239954	-0.0356174	0.000130231	-0.0207333	0.238411	0.0630768	-0.0157707	-0.0243357	
0.03	-0.0190115	0.208972	-0.359148	0.198373	-0.0205103	-0.000108525	-0.351179	-0.0514482	0.0541778	-0.151403	0.359935	-0.0505448	0.000874748	-0.0312275	0.344233	0.091549	-0.0285178	-0.044383	
0.04	-0.0242433	0.265336	-0.467514	0.252431	-0.0257735	-0.00121448	-0.449851	-0.0638222	0.0676605	-0.190667	0.475284	-0.063797	0.00202984	-0.0418124	0.437344	0.118352	-0.0391098	-0.0618015	
0.05	-0.0287903	0.316183	-0.563301	0.30139	-0.0304075	-0.00277323	-0.537417	-0.074248	0.079339	-0.225362	0.577378	-0.0755503	0.00358765	-0.0525074	0.519194	0.143771	-0.047779	-0.0768746	
0.06	-0.0326169	0.362152	-0.647958	0.345767	-0.0344903	-0.0047435	-0.61518	-0.0829466	0.089382	-0.255968	0.667673	-0.0859252	0.00550176	-0.0632987	0.591082	0.167965	-0.0547354	-0.0898345	
0.07	-0.0357178	0.403794	-0.722767	0.386037	-0.0380901	-0.00708767	-0.684257	-0.0901157	0.0979816	-0.282923	0.747539	-0.0950468	0.00777595	-0.0742062	0.654154	0.191177	-0.060165	-0.100904	
0.08	0.00888907	0.441581	-0.767991	0.407943	-0.0412665	-0.00977172	-0.74566	-0.0959316	0.105313	-0.306623	0.818166	-0.10303	-0.00304653	-0.0852318	0.655462	0.213574	-0.0642296	-0.110284	
0.09	0.0452378	0.475926	-0.828757	0.442935	-0.0440723	-0.0127656	-0.800274	-0.100551	0.111536	-0.327421	0.88063	-0.109976	-0.0309246	-0.096374	0.690839	0.235302	-0.0670718	-0.118171	
0.1	0.0759519	0.507004	-0.882427	0.474608	-0.0562311	-0.0148027	-0.781336	-0.104221	0.116847	-0.345678	0.935872	-0.116011	-0.0350696	-0.107355	0.740904	0.256092	-0.0689742	-0.124809	
0.11	0.0792996	0.535313	-0.929784	0.503482	-0.0573126	-0.0168509	-0.809924	-0.106949	0.121312	-0.361632	0.984712	-0.121184	-0.0256795	-0.118488	0.784657	0.276508	-0.069884	-0.130238	
0.12	0.0676697	0.561103	-0.971556	0.52983	-0.0582729	-0.0208059	-0.857962	-0.108851	0.125041	-0.37553	1.0279	-0.125567	-0.0166383	-0.129777	0.822825	0.29669	-0.0699047	-0.134571	
0.13	0.0556289	0.58459	-1.00836	0.553889	-0.0591285	-0.0249538	-0.900763	-0.110028	0.12813	-0.387591	1.06607	-0.12922	-0.0078734	-0.141221	0.856041	0.316731	-0.0691301	-0.137914	
0.14	0.0455031	0.605947	-1.04078	0.575842	-0.0598936	-0.0292792	-0.93893	-0.110572	0.130663	-0.398004	1.09983	-0.132194	0.000699444	-0.152826	0.884875	0.336749	-0.0676453	-0.140349	
0.15	0.0376673	0.625488	-1.06945	0.59529	-0.0605827	-0.0339008	-0.973068	-0.110471	0.132683	-0.406892	1.12965	-0.134488	0.00932323	-0.164895	0.909706	0.35731	-0.0653589	-0.14187	
0.16	0.0324355	0.643319	-1.09525	0.611248	-0.0612038	-0.0386586	-1.00357	-0.109906	0.134286	-0.414429	1.15602	-0.136166	0.0178597	-0.177092	0.931109	0.377949	-0.0625174	-0.142665	
0.17	0.0299753	0.659597	-1.11879	0.623293	-0.0617662	-0.0435422	-1.03087	-0.108944	0.135546	-0.420783	1.17932	-0.137304	0.0263858	-0.18943	0.94947	0.39878	-0.0591785	-0.142802	
0.18	0.0303392	0.674438	-1.14054	0.631198	-0.0622773	-0.0485422	-1.05532	-0.107643	0.136508	-0.42605	1.19992	-0.13791	0.0349558	-0.201913	0.965126	0.419876	-0.0553943	-0.142339	
0.19	0.0334811	0.687928	-1.16087	0.634892	-0.0627443	-0.0536496	-1.07726	-0.106057	0.137223	-0.430371	1.21812	-0.138057	0.0436252	-0.214546	0.97839	0.441308	-0.051212	-0.14133	
0.2	0.0392828	0.700115	-1.18004	0.634415	-0.0631725	-0.0588571	-1.09699	-0.104234	0.13773	-0.433837	1.23421	-0.137775	0.0521423	-0.227227	0.989583	0.462591	-0.0466725	-0.139822	
0.21	0.047522	0.711021	-1.19824	0.629976	-0.0635666	-0.0641571	-1.11474	-0.102217	0.138054	-0.436518	1.24841	-0.137081	0.0602714	-0.23987	0.999013	0.483275	-0.0418141	-0.137855	
0.22	0.0579639	0.720658	-1.21559	0.621811	-0.0639311	-0.0695424	-1.13076	-0.100045	0.138231	-0.438491	1.26096	-0.136002	0.0678475	-0.25246	1.00694	0.503106	-0.0366715	-0.13547	
0.23	0.0703524	0.72902	-1.23219	0.610195	-0.0642693	-0.0750078	-1.14523	-0.0977522	0.138284	-0.439849	1.27203	-0.1346	0.0747739	-0.265006	1.01356	0.522006	-0.0312761	-0.132702	
0.24	0.0844099	0.736085	-1.24809	0.595438	-0.0645847	-0.0805462	-1.15834	-0.095372	0.139187	-0.440612	1.2818	-0.132861	0.0809884	-0.277505	1.01906	0.539961	-0.0256566	-0.129582	
0.25	0.0998828	0.741809	-1.26331	0.577798	-0.0648794	-0.0861528	-1.17024	-0.0929338	0.13894	-0.440896	1.29041	-0.13088	0.0864487	-0.289948	1.02356	0.556993	-0.0198402	-0.126123	
0.26	0.116486	0.746145	-1.27788	0.557597	-0.0651555	-0.0918234	-1.18107	-0.0904636	0.138626	-0.440691	1.29798	-0.128627	0.0911435	-0.302299	1.02718	0.573129	-0.0138512	-0.122357	
0.27	0.13396	0.749035	-1.29179	0.53512	-0.0654148	-0.0975527	-1.19095	-0.0879853	0.138266	-0.440057	1.30464	-0.126139	0.0950609	-0.314548	1.03004	0.588412	-0.00771217	-0.118312	
0.28	0.152042	0.750416	-1.30498	0.510656	-0.0656592	-0.103337	-1.2	-0.0855204	0.137865	-0.439065	1.3105	-0.123475	0.0982271	-0.326651	1.03223	0.602894	-0.00144391	-0.114012	
0.29	0.170467	0.75022	-1.31743	0.484509	-0.0658898	-0.109172	-1.20829	-0.0830887	0.137426	-0.437697	1.31561	-0.120614	0.100666	-0.338576	1.03384	0.61663	0.00493373	-0.109473	
0.3	0.188965	0.748371	-1.32906	0.456986	-0.0661077	-0.115055	-1.21594	-0.0807095	0.136963	-0.436024	1.3201	-0.117612	0.102414	-0.350286	1.03495	0.629679	0.0102098	-0.104724	
0.31	0.2107	0.744807	-1.33981	0.428348	-0.0738793	-0.120982	-1.22299	-0.0783986	0.136471	-0.434064	1.32399	-0.114485	0.103526	-0.361698	1.03562	0.642039	0.0137586	-0.0997829	
0.32	0.228497	0.73948	-1.34958	0.398901	-0.075674	-0.12695	-1.22951	-0.0761716	0.135956	-0.431806	1.32736	-0.111224	0.104039	-0.372767	1.03593	0.653738	0.0177082	-0.0946676	
0.33	0.245517	0.732349	-1.35833	0.368905	-0.0748022	-0.132957	-1.23557	-0.0740415	0.135429	-0.429332	1.33028	-0.107896	0.104003	-0.38345	1.03594	0.664815	0.0251441	-0.0893778	
0.34	0.261776	0.723447	-1.36592	0.338729	-0.074042	-0.138999	-1.24122	-0.0720213	0.134881	-0.426617	1.33277	-0.104486	0.103451	-0.393672	1.03571	0.675266	0.0325189	-0.0839388	
0.35	0.277096	0.712732	-1.37231	0.308627	-0.0733797	-0.145076	-1.2465	-0.0701232	0.134317	-0.423656	1.33488	-0.100994	0.102109	-0.403277	1.03534	0.684629	0.0398271	-0.0783506	
0.36	0.291346	0.700189	-1.37745	0.278827	-0.0728034	-0.151185	-1.25145	-0.0683578	0.151886	-0.422803	1.33667	-0.0974593	0.0994388	-0.412041	1.035	0.691864	0.0470654	-0.078503	
0.37	0.304403	0.685834	-1.38131	0.24957	-0.0723019	-0.157325	-1.2561	-0.066734	0.158334	-0.420152	1.33815	-0.0939151	0.095123	-0.419793	1.0348	0.69629	0.0542307	-0.0824113	
0.38	0.316148	0.669711	-1.38391	0.221111	-0.0718647	-0.163492	-1.26049	-0.0652611	0.154837	-0.416295	1.33934	-0.0903403	0.0889987	-0.426408	1.03481	0.697506	0.0613166	-0.0746679	
0.39	0.32646	0.651881	-1.38521	0.193728	-0.071484	-0.169687	-1.26464	-0.063948	0.151664	-0.412287	1.34028	-0.0867474	0.0810323	-0.431792	1.03506	0.695336	0.068318	-0.0670276	
0.4	0.335226	0.632441	-1.38524	0.167695	-0.0711517	-0.175908	-1.26858	-0.0628025	0.148784	-0.408215	1.341	-0.0832001	0.071259	-0.435881	1.03558	0.689731	0.0752293	-0.0594797	
0.41	0.342357	0.611522	-1.38405	0.143266	-0.0708611	-0.182155	-1.27231	-0.0618315	0.146151	-0.404007	1.3415	-0.0796681	0.0598009	-0.43864	1.03635	0.6808	0.0820447	-0.0520135	
0.42	0.347823	0.589291	-1.38169	0.120662	-0.0706059	-0.188427	-1.27588	-0.0610412	0.143738	-0.399657	1.3418	-0.0761574	0.0467868	-0.440041	1.03739	0.668676	0.088758	-0.0446181	
0.43	0.351666	0.565947	-1.37826	0.100047	-0.0703806	-0.194722	-1.27929	-0.0604377	0.141529	-0.395243	1.34195	-0.072715	0.0323707	-0.440069	1.0387	0.653536	0.0953649	-0.0372854	
0.44	0.353976	0.541712	-1.37387	0.08154	-0.0701797	-0.20104	-1.28255	-0.0600275	0.139486	-0.390718	1.34191	-0.0693281	0.0167558	-0.438701	1.04026	0.635641	0.101858	-0.0300091	
0.45	0.354872	0.516808	-1.36863	0.0651875	-0.0699985	-0.207383	-1.28568	-0.0598159	0.13759	-0.386058	1.34171	-0.0659975	0.000140282	-0.435922	1.0421	0.615246	0.108232	-0.022786	
0.46	0.354493	0.491446	-1.36268	0.0509885	-0.0698328	-0.213749	-1.28869	-0.0598075	0.135824	-0.381273	1.34137	-0.0627356	-0.0173039	-0.431712	1.04421	0.592595	0.114481	-0.0156157	
0.47	0.352978	0.465826	-1.35614	0.0389071	-0.0696787	-0.220137	-1.29158	-0.0600067	0.134173	-0.376372	1.3409	-0.0595559	-0.0353952	-0.426051	1.04661	0.567914	0.1206	-0.00849463	
0.48	0.350463	0.440128	-1.3491	0.0288795	-0.0695324	-0.226548	-1.29437	-0.0604175	0.132621	-0.371368	1.3403	-0.0564705	-0.0539646	-0.418914	1.04933	0.541441	0.126582	-0.00142097	
0.49	0.347079	0.414529	-1.3417	0.0208288	-0.0693905	-0.232982	-1.29707	-0.0610457	0.131157	-0.366266	1.33958	-0.0534919	-0.0727728	-0.410276	1.05239	0.513531	0.132422	0.00560559	
0.5	0.342943	0.389173	-1.33404	0.0146501	-0.0692497	-0.23944	-1.29968	-0.0618946	0.129766	-0.36107	1.33874	-0.0506297	-0.0916596	-0.400113	1.05583	0.484421	0.138114	0.0125844	
0.51	0.338167	0.364187	-1.3262	0.0102279	-0.0691071	-0.245922	-1.30221	-0.0629679	0.12844	-0.355785	1.33779	-0.0478926	-0.11048	-0.388404	1.0597	0.45434	0.143652	0.0195138	
0.52	0.332848	0.339682	-1.31829	0.00743949	-0.0689598	-0.252428	-1.30465	-0.0642687	0.12717	-0.350413	1.33674	-0.0452883	-0.129088	-0.375139	1.06403	0.423527	0.149031	0.0263907	
0.53	0.327076	0.315749	-1.31035	0.00615848	-0.0688049	-0.258959	-1.30702	-0.0658004	0.125945	-0.344956	1.33558	-0.0428242	-0.147315	-0.360331	1.06887	0.392296	0.154246	0.0332078	
0.54	0.320929	0.292477	-1.30244	0.00625716	-0.0686396	-0.265517	-1.30931	-0.0675676	0.12476	-0.339416	1.33433	-0.0405079	-0.165014	-0.343971	1.07427	0.360909	0.159293	0.0399636	
0.55	0.314479	0.269925	-1.29465	0.00760486	-0.0684612	-0.2721	-1.31153	-0.0695734	0.123608	-0.333791	1.33299	-0.0383456	-0.182036	-0.326098	1.08025	0.329678	0.164166	0.0466561	
0.56	0.307787	0.248144	-1.287	0.010073	-0.0682671	-0.27871	-1.31369	-0.0718203	0.122482	-0.328084	1.33155	-0.0363428	-0.198266	-0.306745	1.08684	0.298847	0.168861	0.0532819	
0.57	0.300907	0.227173	-1.27953	0.0135365	-0.0680547	-0.285348	-1.31577	-0.074311	0.121379	-0.322295	1.33002	-0.0345048	-0.2136	-0.285973	1.09405	0.268668	0.173374	0.059838	
0.58	0.293889	0.207043	-1.27228	0.017874	-0.0678213	-0.292015	-1.3178	-0.077049	0.120294	-0.316424	1.32842	-0.0328374	-0.227901	-0.263945	1.1019	0.239486	0.177702	0.0663196	
0.59	0.286776	0.187779	-1.26526	0.0229682	-0.0675641	-0.298711	-1.31976	-0.080038	0.119222	-0.310471	1.32672	-0.0313467	-0.241055	-0.240724	1.11038	0.211547	0.181841	0.0727214	
0.6	0.279607	0.169391	-1.25851	0.0287076	-0.0672804	-0.305438	-1.32167	-0.0832807	0.11816	-0.304437	1.32494	-0.030037	-0.252974	-0.216403	1.11943	0.185049	0.185786	0.0790389	
0.61	0.272416	0.151884	-1.25204	0.0349868	-0.0669674	-0.312196	-1.32352	-0.0867801	0.117104	-0.29832	1.32309	-0.028913	-0.263569	-0.191104	1.12901	0.160186	0.189537	0.0852656	
0.62	0.265261	0.135286	-1.24586	0.0416553	-0.0666225	-0.318985	-1.3253	-0.0905389	0.116052	-0.292122	1.32116	-0.027979	-0.272794	-0.164985	1.13905	0.137134	0.193089	0.0913982	
0.63	0.258149	0.11956	-1.23997	0.0486546	-0.0662425	-0.325808	-1.32703	-0.0945607	0.115001	-0.285844	1.31915	-0.0272402	-0.28065	-0.138233	1.14944	0.116042	0.196441	0.0974302	
0.64	0.251122	0.104718	-1.2344	0.0558661	-0.0658244	-0.332665	-1.3287	-0.0988485	0.113948	-0.279483	1.31705	-0.0267015	-0.287188	-0.111043	1.16008	0.0970004	0.199594	0.103362	
0.65	0.244196	0.09074	-1.22913	0.0632169	-0.065365	-0.339557	-1.3303	-0.103406	0.112891	-0.273041	1.31489	-0.0263672	-0.292482	-0.0836058	1.17086	0.0800451	0.202551	0.109181	
0.66	0.237392	0.0776088	-1.22417	0.0706356	-0.0648613	-0.346485	-1.33184	-0.108235	0.111829	-0.266516	1.31266	-0.0262415	-0.296623	-0.0561024	1.18167	0.0651748	0.205308	0.11488	
0.67	0.230714	0.0652952	-1.21952	0.0780683	-0.0643099	-0.35345	-1.33333	-0.113338	0.110759	-0.259911	1.31034	-0.0263286	-0.299704	-0.0286985	1.19244	0.0523573	0.20786	0.120453	
0.68	0.224187	0.0537918	-1.21516	0.0854419	-0.0637069	-0.360451	-1.33474	-0.118721	0.109679	-0.253223	1.30797	-0.0266334	-0.301816	-0.00155617	1.20308	0.0415426	0.210203	0.125894	
0.69	0.217832	0.0430761	-1.21111	0.0926847	-0.0630153	-0.36753	-1.33606	-0.124466	0.108587	-0.246452	1.30551	-0.0271601	-0.303068	0.0251481	1.2135	0.0326265	0.212335	0.131199	
0.7	0.21872	0.0331182	-1.20734	0.0997604	-0.062243	-0.374654	-1.3373	-0.130539	0.107482	-0.239599	1.303	-0.0279119	-0.303542	0.0513244	1.22367	0.0255178	0.214254	0.136364	
0.71	0.211898	0.0238882	-1.20385	0.106644	-0.0613807	-0.381824	-1.33845	-0.136951	0.106361	-0.232662	1.30041	-0.028892	-0.303326	0.0768512	1.23351	0.0200939	0.215959	0.141384	
0.72	0.205339	0.0153586	-1.20064	0.113317	-0.0646474	-0.389045	-1.33953	-0.1437	0.114289	-0.22631	1.29775	-0.0186617	-0.302463	0.101726	1.24299	0.0162882	0.217449	0.145023	
0.73	0.199031	0.00750679	-1.1977	0.119757	-0.0631176	-0.396311	-1.34052	-0.15079	0.112088	-0.219127	1.29503	-0.021428	-0.301046	0.125808	1.25206	0.0139428	0.218722	0.14988	
0.74	0.193019	0.000321547	-1.19502	0.125892	-0.0615475	-0.403615	-1.34143	-0.158216	0.109987	-0.211867	1.29224	-0.0242817	-0.299137	0.149057	1.26071	0.012936	0.219776	0.154561	
0.75	0.187261	-0.00623559	-1.1926	0.13172	-0.0599315	-0.410954	-1.34225	-0.165972	0.107971	-0.204527	1.28938	-0.0272429	-0.296785	0.171442	1.26891	0.0131525	0.220614	0.159064	
0.76	0.181771	-0.0121887	-1.19041	0.137208	-0.0582425	-0.418348	-1.34297	-0.174103	0.106026	-0.197108	1.28647	-0.0303295	-0.294037	0.192939	1.27666	0.0144798	0.221235	0.163389	
0.77	0.17654	-0.0175649	-1.18846	0.142345	-0.0564895	-0.42577	-1.34361	-0.182565	0.104139	-0.189606	1.28349	-0.0335586	-0.290936	0.213532	1.28394	0.016808	0.221638	0.167532	
0.78	0.172491	-0.0223897	-1.18674	0.147123	-0.0546404	-0.433243	-1.34414	-0.191414	0.102269	-0.181967	1.28045	-0.0370171	-0.287516	0.233211	1.29073	0.0200343	0.221824	0.171488	
0.79	0.167633	-0.0266901	-1.18522	0.151548	-0.0526851	-0.440754	-1.34456	-0.20065	0.100425	-0.174252	1.27734	-0.0406627	-0.283817	0.251969	1.29707	0.0240501	0.221792	0.175259	
0.8	0.163002	-0.0304897	-1.18392	0.155627	-0.0506217	-0.4483	-1.34489	-0.210261	0.0985886	-0.166418	1.27417	-0.0445409	-0.279873	0.269808	1.30294	0.0287508	0.221544	0.17884	
0.81	0.15858	-0.033811	-1.18281	0.159369	-0.0484482	-0.455876	-1.34511	-0.220237	0.0967613	-0.158506	1.27093	-0.0486277	-0.275718	0.286734	1.30836	0.0340369	0.221082	0.182231	
0.82	0.154353	-0.0366722	-1.18189	0.162778	-0.0461612	-0.46348	-1.34523	-0.230573	0.0949268	-0.150482	1.26763	-0.0529623	-0.271416	0.302724	1.31338	0.0397597	0.220408	0.185429	
0.83	0.15031	-0.0390872	-1.18114	0.165854	-0.0437546	-0.471111	-1.34525	-0.241269	0.0930758	-0.14235	1.26427	-0.057557	-0.266964	0.317831	1.31798	0.0458808	0.219519	0.188431	
0.84	0.14644	-0.041074	-1.18056	0.168601	-0.0412219	-0.478767	-1.34517	-0.252326	0.0912061	-0.134116	1.26085	-0.0624095	-0.262422	0.332045	1.3222	0.0522618	0.21842	0.191236	
0.85	0.142741	-0.0426497	-1.18015	0.171017	-0.0385462	-0.486448	-1.34497	-0.263763	0.089316	-0.125784	1.25737	-0.0675168	-0.257782	0.345421	1.32605	0.05888	0.21711	0.193844	
0.86	0.139206	-0.0438308	-1.17989	0.173105	-0.0356903	-0.49415	-1.34464	-0.275635	0.0874037	-0.117355	1.25383	-0.0728779	-0.253085	0.357963	1.32956	0.0656402	0.215593	0.196252	
0.87	0.135836	-0.0446363	-1.17979	0.174865	-0.0326416	-0.501871	-1.34417	-0.287953	0.0854675	-0.108836	1.25024	-0.0784914	-0.248363	0.369695	1.33275	0.0724569	0.213871	0.198458	
0.88	0.13263	-0.0450849	-1.17982	0.176302	-0.0293951	-0.509606	-1.34354	-0.300713	0.0834899	-0.100216	1.2466	-0.084388	-0.243633	0.380649	1.33564	0.079274	0.211945	0.200459	
0.89	0.129571	-0.045153	-1.18	0.177386	-0.0259344	-0.517357	-1.34276	-0.313937	0.08147	-0.091486	1.2429	-0.090572	-0.238907	0.390859	1.33825	0.0860488	0.209816	0.202257	
0.9	0.126667	-0.0448711	-1.18032	0.178128	-0.0222333	-0.525117	-1.34181	-0.327658	0.0793939	-0.0826463	1.23915	-0.0970634	-0.234193	0.400356	1.34059	0.0927457	0.207489	0.20385	
0.91	0.123917	-0.0442211	-1.18077	0.17849	-0.0182863	-0.532882	-1.34068	-0.341874	0.0772775	-0.0737202	1.23535	-0.103817	-0.2295	0.409168	1.34269	0.0993313	0.20496	0.205228	
0.92	0.121333	-0.0432274	-1.18137	0.178468	-0.0140891	-0.540647	-1.33938	-0.35658	0.0750983	-0.0646732	1.23151	-0.110889	-0.224838	0.417324	1.34456	0.105772	0.202227	0.206407	
0.93	0.118922	-0.0419175	-1.1821	0.178074	-0.0137189	-0.548407	-1.33789	-0.371804	0.072849	-0.0555119	1.22761	-0.118285	-0.220216	0.424849	1.34621	0.112039	0.199296	0.207381	
0.94	0.11668	-0.0403153	-1.18295	0.177325	-0.00847831	-0.556155	-1.3362	-0.387574	0.0705284	-0.0462403	1.22367	-0.125999	-0.215698	0.431756	1.34768	0.118052	0.196175	0.20815	
0.95	0.114604	-0.0384407	-1.18392	0.176241	-0.00295785	-0.563884	-1.33427	-0.403942	0.0681363	-0.0368609	1.21968	-0.134026	-0.21126	0.43809	1.34897	0.123806	0.192867	0.208711	
0.96	0.112686	-0.0363109	-1.185	0.17484	0.00286142	-0.571589	-1.33212	-0.420914	0.0656718	-0.0273748	1.21566	-0.142363	-0.206934	0.443875	1.35011	0.129258	0.189378	0.209065	
0.97	0.110921	-0.03394	-1.1862	0.173143	-0.0167914	-0.579264	-1.32972	-0.438491	0.0631321	-0.0177811	1.2116	-0.151015	-0.202735	0.449137	1.35113	0.134385	0.18571	0.208654	
0.98	0.109299	-0.0313414	-1.18749	0.17117	-0.00744102	-0.586896	-1.32713	-0.456535	0.0605123	-0.00807843	1.2075	-0.159982	-0.20018	0.453908	1.35202	0.139182	0.181868	0.206635	
0.99	0.107814	-0.0285275	-1.18889	0.168939	0.00151576	-0.594482	-1.32449	-0.474521	0.0578084	0.00173398	1.20336	-0.169269	-0.196047	0.458215	1.35281	0.14365	0.177854	0.206044	
1	0.106457	-0.0255094	-1.19038	0.166466	-0.00471893	-0.602066	-1.32195	-0.492095	0.0550111	0.0116607	1.19919	-0.178893	-0.192044	0.462084	1.3535	0.147795	0.173674	0.205428	
1.01	0.105221	-0.0222972	-1.19196	0.163773	0.00467085	-0.609686	-1.31955	-0.509044	0.0520867	0.0217136	1.19498	-0.188916	-0.18816	0.465538	1.35409	0.151623	0.169329	0.205083	
1.02	0.104099	-0.0189001	-1.19362	0.160874	0.0131264	-0.61737	-1.31732	-0.525255	0.0490412	0.0318898	1.19074	-0.199319	-0.184385	0.468592	1.3546	0.155136	0.164822	0.204499	
1.03	0.103084	-0.0153272	-1.19537	0.157788	0.0206323	-0.625137	-1.31526	-0.540705	0.0458636	0.0421897	1.18646	-0.210119	-0.180761	0.47128	1.35503	0.158329	0.160157	0.203221	
1.04	0.10217	-0.0115874	-1.1972	0.154531	0.0271868	-0.632997	-1.31339	-0.555407	0.0425518	0.052613	1.18216	-0.221312	-0.177247	0.473609	1.35538	0.161201	0.15534	0.202205	
1.05	0.101349	-0.00768906	-1.19909	0.151119	0.0237068	-0.640946	-1.31167	-0.569402	0.0390842	0.0631731	1.17782	-0.232943	-0.173829	0.475593	1.35566	0.163762	0.150376	0.200946	
1.06	0.100616	-0.0036396	-1.20105	0.147568	0.0294521	-0.64897	-1.3101	-0.582738	0.0354753	0.0738565	1.17345	-0.244967	-0.170503	0.477244	1.35588	0.166019	0.145265	0.199458	
1.07	0.0999643	0.000553916	-1.20307	0.143895	0.0341792	-0.657042	-1.30863	-0.59546	0.0316961	0.0846779	1.16905	-0.257442	-0.167267	0.478575	1.35605	0.167972	0.140012	0.197743	
1.08	0.0993888	0.00488386	-1.20516	0.140115	0.0379756	-0.665125	-1.30726	-0.607615	0.0277407	0.0956364	1.16462	-0.270368	-0.164125	0.479601	1.35616	0.169624	0.134622	0.19581	
1.09	0.098884	0.00934362	-1.20731	0.136242	0.0408917	-0.673177	-1.30595	-0.619238	0.0236081	0.10673	1.16017	-0.283742	-0.161078	0.480338	1.35623	0.170978	0.129097	0.193669	
1.1	0.0984445	0.0139265	-1.20951	0.132293	0.0429959	-0.681149	-1.30469	-0.630358	0.0192958	0.117957	1.15569	-0.29756	-0.158128	0.480797	1.35626	0.172038	0.123439	0.191343	
1.11	0.0980653	0.0186265	-1.21176	0.128282	0.0443581	-0.688985	-1.30345	-0.640992	0.0147749	0.129324	1.15118	-0.311871	-0.15528	0.480995	1.35625	0.172807	0.117652	0.188838	
1.12	0.0977419	0.0234376	-1.21405	0.124224	0.0450501	-0.696626	-1.30224	-0.651151	0.0100298	0.140833	1.14665	-0.326696	-0.152538	0.480948	1.35622	0.173291	0.111742	0.186145	
1.13	0.0974697	0.028354	-1.21639	0.120131	0.0451433	-0.704015	-1.30102	-0.660838	0.00505672	0.152482	1.14211	-0.342032	-0.149901	0.480664	1.35616	0.173496	0.105715	0.183263	
1.14	0.0972446	0.0333703	-1.21876	0.116019	0.0446825	-0.711093	-1.2998	-0.670017	-0.000176296	0.164281	1.13752	-0.357933	-0.147368	0.480156	1.35609	0.173427	0.0995766	0.180194	
1.15	0.0970623	0.0384809	-1.22118	0.111898	0.0433488	-0.717855	-1.2987	-0.678138	-0.00567941	0.176229	1.1329	-0.374407	-0.144938	0.479435	1.35599	0.173092	0.0933321	0.176942	
1.16	0.096919	0.0436809	-1.22362	0.107783	0.0404884	-0.724346	-1.29816	-0.684069	-0.0114584	0.188328	1.12827	-0.391455	-0.142595	0.478462	1.35587	0.172442	0.0869868	0.173508	
1.17	0.0968112	0.0489656	-1.22611	0.103685	0.0357396	-0.730565	-1.29843	-0.687133	-0.017537	0.200583	1.12361	-0.409109	-0.14036	0.477286	1.35575	0.171529	0.0805463	0.169896	
1.18	0.0967356	0.0543303	-1.22862	0.0996169	0.0289594	-0.736476	-1.2996	-0.686994	-0.0239382	0.212999	1.1189	-0.427403	-0.138225	0.475895	1.35563	0.170333	0.0740163	0.16611	
1.19	0.0966891	0.0597707	-1.23115	0.0955894	0.0201009	-0.742031	-1.30174	-0.683474	-0.0306994	0.225583	1.11416	-0.446391	-0.136193	0.474318	1.3555	0.168883	0.0674026	0.162155	
1.2	0.0966686	0.0652825	-1.23371	0.0916134	0.00920708	-0.747167	-1.30483	-0.676532	-0.0378343	0.238336	1.10939	-0.466087	-0.134266	0.472573	1.35536	0.167205	0.0607112	0.158034	
1.21	0.0966716	0.0708609	-1.23629	0.0877004	-0.00357764	-0.751797	-1.3088	-0.666278	-0.0450942	0.251173	1.1046	-0.486033	-0.132428	0.470636	1.35521	0.165271	0.0539481	0.153751	
1.22	0.0966955	0.076503	-1.23888	0.0838604	-0.0180723	-0.755837	-1.31358	-0.652888	-0.0521698	0.264014	1.09989	-0.505725	-0.130691	0.468531	1.35507	0.16311	0.0471195	0.149312	
1.23	0.0967378	0.0822047	-1.24149	0.080103	-0.0340763	-0.759201	-1.31904	-0.636574	-0.0588343	0.276824	1.09528	-0.524864	-0.129043	0.466274	1.35492	0.160748	0.0402334	0.144715	
1.24	0.0967963	0.0879627	-1.24411	0.0764371	-0.0513524	-0.76179	-1.32507	-0.617596	-0.0649324	0.28958	1.0908	-0.543286	-0.127481	0.463848	1.35475	0.158174	0.0332949	0.139973	
1.25	0.0968689	0.0937739	-1.24673	0.0728717	-0.069687	-0.763506	-1.33155	-0.596183	-0.0703668	0.302262	1.08645	-0.560915	-0.126004	0.461308	1.35457	0.155454	0.0263119	0.135077	
1.26	0.0969538	0.0996357	-1.24937	0.0694164	-0.0888269	-0.764229	-1.33835	-0.572606	-0.0750814	0.314818	1.08223	-0.577698	-0.124598	0.458603	1.35438	0.152547	0.0192917	0.130037	
1.27	0.0970491	0.105545	-1.25201	0.0660791	-0.108536	-0.763853	-1.34534	-0.547125	-0.079036	0.327244	1.07814	-0.59365	-0.12327	0.455798	1.35416	0.14953	0.0122415	0.124861	
1.28	0.0971532	0.111497	-1.25465	0.0628675	-0.128549	-0.762269	-1.35237	-0.520046	-0.0822477	0.339483	1.07419	-0.608786	-0.122001	0.452844	1.35393	0.146364	0.00516824	0.11956	
1.29	0.0972646	0.117491	-1.2573	0.0597886	-0.148658	-0.759373	-1.35931	-0.491597	-0.084733	0.351503	1.07035	-0.623144	-0.120796	0.449745	1.35367	0.143062	-0.00192045	0.114139	
1.3	0.0973819	0.123524	-1.25994	0.0568498	-0.168631	-0.755071	-1.36601	-0.462053	-0.0865261	0.363264	1.06665	-0.636769	-0.119651	0.446564	1.35338	0.139694	-0.00901561	0.108598	
1.31	0.0975036	0.129593	-1.26257	0.0540588	-0.188221	-0.749264	-1.3723	-0.43172	-0.0876762	0.374683	1.06308	-0.649652	-0.118553	0.443242	1.35307	0.136219	-0.0161098	0.102945	
1.32	0.0976286	0.135698	-1.2652	0.0514215	-0.207252	-0.741873	-1.37809	-0.400822	-0.0882206	0.385713	1.05963	-0.661816	-0.117506	0.439809	1.35274	0.132674	-0.0231983	0.0971982	
1.33	0.0977558	0.141836	-1.26782	0.048944	-0.22555	-0.732847	-1.38323	-0.369607	-0.0881627	0.396273	1.05633	-0.673221	-0.116501	0.436287	1.35237	0.129089	-0.0302721	0.0913575	
1.34	0.097884	0.148004	-1.27043	0.0466318	-0.242911	-0.722207	-1.38758	-0.338419	-0.0872327	0.406228	1.05325	-0.683408	-0.115528	0.432628	1.35196	0.125438	-0.0373222	0.0854228	
1.35	0.0980122	0.154203	-1.27303	0.0444911	-0.259179	-0.709893	-1.39104	-0.307504	-0.0849347	0.415371	1.05049	-0.691433	-0.114598	0.428889	1.35152	0.121775	-0.0443412	0.0794051	
1.36	0.0981394	0.160429	-1.27561	0.0425276	-0.274227	-0.695882	-1.39353	-0.277093	-0.0809819	0.423532	1.04813	-0.696662	-0.113691	0.425046	1.35104	0.118093	-0.0513202	0.073307	
1.37	0.0982646	0.166682	-1.27818	0.040746	-0.287944	-0.680183	-1.395	-0.247423	-0.0752652	0.430596	1.0462	-0.698784	-0.112808	0.421071	1.35051	0.114384	-0.0582509	0.0671324	
1.38	0.0983869	0.17296	-1.28073	0.0391508	-0.300225	-0.662834	-1.39543	-0.218742	-0.0677486	0.436475	1.0447	-0.697619	-0.111954	0.417037	1.34996	0.110705	-0.0651227	0.0608768	
1.39	0.0985053	0.179263	-1.28326	0.0377463	-0.310969	-0.643905	-1.39477	-0.191306	-0.0584618	0.441105	1.04364	-0.693107	-0.111114	0.412892	1.34934	0.107034	-0.0719298	0.0545565	
1.4	0.0986187	0.185589	-1.28577	0.0365376	-0.32007	-0.623487	-1.39303	-0.165387	-0.0475079	0.444432	1.04299	-0.685312	-0.110288	0.408619	1.34868	0.10337	-0.0786633	0.0481753	
1.41	0.0987268	0.191939	-1.28825	0.0355295	-0.327443	-0.601709	-1.39025	-0.141232	-0.0350052	0.446425	1.04274	-0.674337	-0.109484	0.404301	1.34798	0.0997723	-0.085317	0.0417416	
1.42	0.0988284	0.198312	-1.29071	0.0347254	-0.333079	-0.578742	-1.38647	-0.119041	-0.0210994	0.447063	1.04287	-0.660345	-0.108687	0.399867	1.34722	0.0962097	-0.0918816	0.0352609	
1.43	0.0989224	0.204706	-1.29315	0.0341284	-0.337034	-0.554783	-1.38179	-0.0989571	-0.00598493	0.446334	1.04337	-0.643584	-0.107896	0.395309	1.34641	0.0926876	-0.0983498	0.028738	
1.44	0.0990079	0.211124	-1.29557	0.033742	-0.33938	-0.529992	-1.37629	-0.0811032	0.0101688	0.444223	1.04423	-0.624267	-0.107121	0.390702	1.34557	0.0892496	-0.104715	0.0221793	
1.45	0.099084	0.217562	-1.29794	0.0335711	-0.340269	-0.504653	-1.37008	-0.0654936	0.0271624	0.440705	1.04542	-0.602653	-0.106346	0.386002	1.34465	0.0858839	-0.110968	0.0155931	
1.46	0.0991498	0.224022	-1.3003	0.033619	-0.339842	-0.478947	-1.36328	-0.0521074	0.0448332	0.435756	1.04699	-0.578953	-0.105572	0.381182	1.34368	0.0825913	-0.117104	0.00898716	
1.47	0.0992043	0.230504	-1.30262	0.0338886	-0.338246	-0.453075	-1.356	-0.0408945	0.0630168	0.429354	1.04891	-0.553387	-0.104797	0.376247	1.34264	0.0793835	-0.123115	0.00236696	
1.48	0.0992463	0.237008	-1.30491	0.0343823	-0.335642	-0.427233	-1.34834	-0.0317325	0.0815169	0.421479	1.05123	-0.526241	-0.104021	0.37121	1.34155	0.0762728	-0.128995	-0.00426177	
1.49	0.0992743	0.243534	-1.30717	0.035103	-0.33214	-0.401536	-1.34042	-0.0245719	0.100175	0.412106	1.05397	-0.497747	-0.103243	0.36608	1.34041	0.0732705	-0.134738	-0.0108925	
1.5	0.0992874	0.250083	-1.3094	0.0360552	-0.327875	-0.376167	-1.33232	-0.0192792	0.118804	0.401206	1.05715	-0.468187	-0.102461	0.360862	1.33919	0.0703878	-0.140335	-0.0175186	
1.51	0.0992844	0.256655	-1.31159	0.0372414	-0.322975	-0.351245	-1.32412	-0.0157041	0.137263	0.388761	1.06082	-0.437789	-0.101673	0.35556	1.33793	0.0676334	-0.145782	-0.0241329	
1.52	0.0992639	0.263251	-1.31374	0.0386639	-0.317536	-0.326864	-1.3159	-0.0137186	0.155407	0.374771	1.06503	-0.406809	-0.100879	0.350176	1.3366	0.0650148	-0.151072	-0.0307289	
1.53	0.0992242	0.26987	-1.31586	0.040325	-0.311645	-0.303107	-1.30773	-0.0131985	0.173086	0.359239	1.0698	-0.375524	-0.100077	0.344711	1.3352	0.0625392	-0.1562	-0.0372996	
1.54	0.099164	0.276515	-1.31794	0.0422277	-0.305378	-0.280043	-1.29965	-0.014019	0.190155	0.342192	1.07517	-0.344231	-0.0992669	0.339168	1.33375	0.0602133	-0.161162	-0.0438326	
1.55	0.0990814	0.283186	-1.31997	0.0443756	-0.298802	-0.257734	-1.29173	-0.0160542	0.206487	0.323643	1.08118	-0.313185	-0.0984468	0.333546	1.33223	0.0580437	-0.165952	-0.0503228	
1.56	0.0989747	0.289883	-1.32197	0.0467711	-0.291979	-0.236222	-1.28399	-0.019177	0.221981	0.303632	1.08783	-0.282624	-0.0976163	0.327845	1.33065	0.0560361	-0.170565	-0.0567646	
1.57	0.0988423	0.296607	-1.32392	0.0494163	-0.284965	-0.215541	-1.27647	-0.0232633	0.23652	0.282275	1.09516	-0.252844	-0.0967747	0.322066	1.329	0.0541953	-0.174997	-0.0631532	
1.58	0.0986821	0.303359	-1.32583	0.0523135	-0.277805	-0.195713	-1.26919	-0.0281929	0.250004	0.259642	1.10314	-0.224085	-0.0959213	0.316209	1.32728	0.0525263	-0.179246	-0.069482	
1.59	0.0984921	0.31014	-1.3277	0.055466	-0.270545	-0.17676	-1.26217	-0.0338497	0.262319	0.235863	1.11176	-0.196622	-0.0950554	0.310273	1.3255	0.0510348	-0.183306	-0.0757441	
1.6	0.0982699	0.316951	-1.32952	0.0588771	-0.263225	-0.158691	-1.25543	-0.040122	0.273366	0.211036	1.12097	-0.170672	-0.0941765	0.304257	1.32364	0.0497258	-0.187173	-0.081931	
1.61	0.0980134	0.323793	-1.33129	0.0625491	-0.255879	-0.141508	-1.24898	-0.0469051	0.283082	0.185297	1.1307	-0.146419	-0.0932837	0.298162	1.32172	0.0486037	-0.190846	-0.0880376	
1.62	0.0977202	0.330667	-1.33301	0.0664842	-0.248568	-0.125235	-1.24284	-0.054044	0.29146	0.158815	1.14087	-0.124014	-0.0923767	0.291987	1.31974	0.0476727	-0.194322	-0.0940604	
1.63	0.0973878	0.337573	-1.33468	0.0706852	-0.241297	-0.109831	-1.23701	-0.0614872	0.29854	0.131776	1.15137	-0.103565	-0.0914548	0.285732	1.31769	0.0469367	-0.197596	-0.0999931	
1.64	0.0970133	0.344512	-1.33631	0.0751557	-0.234109	-0.0953073	-1.2315	-0.0691168	0.304384	0.104378	1.1621	-0.0851469	-0.0905173	0.279397	1.31558	0.0464011	-0.200673	-0.105832	
1.65	0.0965938	0.351487	-1.33787	0.0798982	-0.227024	-0.0816436	-1.2263	-0.0768594	0.309076	0.0768073	1.17294	-0.0687831	-0.0895636	0.272982	1.31341	0.0460707	-0.203554	-0.111559	
1.66	0.0961264	0.358496	-1.33939	0.0849158	-0.220065	-0.0688253	-1.22142	-0.0846363	0.312707	0.0492403	1.18381	-0.0544594	-0.088593	0.266485	1.31116	0.0459496	-0.206235	-0.117168	
1.67	0.095608	0.365542	-1.34085	0.0902116	-0.213232	-0.0568172	-1.21684	-0.0924078	0.315369	0.0218356	1.19459	-0.0421338	-0.0876046	0.259908	1.30885	0.0460417	-0.208711	-0.122654	
1.68	0.0950128	0.372661	-1.34223	0.0958478	-0.206551	-0.045609	-1.21256	-0.100096	0.31715	-0.00526417	1.20523	-0.0317422	-0.0865978	0.253249	1.30647	0.0463507	-0.21098	-0.128012	
1.69	0.0943397	0.379817	-1.34354	0.101802	-0.202807	-0.0351806	-1.20858	-0.107631	0.318162	-0.0318438	1.21567	-0.0231694	-0.0855709	0.246509	1.30403	0.0468815	-0.212446	-0.133235	
1.7	0.0935896	0.387017	-1.34478	0.108076	-0.196159	-0.0255006	-1.20489	-0.114979	0.31848	-0.057827	1.22584	-0.0163192	-0.0845236	0.239684	1.30152	0.0476378	-0.214357	-0.138321	
1.71	0.0927544	0.394259	-1.34593	0.114676	-0.189722	-0.0165403	-1.20149	-0.122118	0.318172	-0.0831495	1.23568	-0.0110923	-0.0834549	0.232776	1.29895	0.0486226	-0.216046	-0.143262	
1.72	0.0918285	0.401554	-1.347	0.121618	-0.18349	-0.00827174	-1.19836	-0.129028	0.317298	-0.10775	1.24516	-0.00738438	-0.0823639	0.225783	1.29632	0.0498389	-0.217512	-0.148055	
1.73	0.0908033	0.408901	-1.34799	0.128911	-0.177455	-0.000669486	-1.19549	-0.135693	0.315915	-0.131577	1.25423	-0.00508737	-0.0812493	0.218706	1.29362	0.0512899	-0.218757	-0.152695	
1.74	0.0896789	0.416285	-1.34889	0.136543	-0.171674	0.0062761	-1.19288	-0.14203	0.314069	-0.15459	1.26287	-0.00409823	-0.0801097	0.211541	1.29085	0.0529802	-0.219779	-0.157176	
1.75	0.0884563	0.423703	-1.34971	0.144506	-0.166115	0.012602	-1.19052	-0.148042	0.31181	-0.17675	1.27106	-0.00430068	-0.0789441	0.20429	1.28802	0.0549126	-0.220578	-0.161495	
1.76	0.0872758	0.431169	-1.35044	0.152841	-0.160789	0.0183341	-1.18839	-0.153701	0.309182	-0.198031	1.27878	-0.00557928	-0.0797994	0.19695	1.28514	0.0570898	-0.221155	-0.165648	
1.77	0.0858083	0.438669	-1.35108	0.161517	-0.155691	0.0235	-1.1865	-0.158996	0.306227	-0.218413	1.28603	-0.00782052	-0.0783394	0.189515	1.28218	0.0595218	-0.221512	-0.169632	
1.78	0.0842096	0.446218	-1.35161	0.170581	-0.15081	0.028125	-1.18483	-0.163924	0.302985	-0.23788	1.29282	-0.0109118	-0.076848	0.181942	1.27916	0.0622725	-0.221648	-0.173441	
1.79	0.0824744	0.453806	-1.35204	0.180032	-0.146137	0.0322335	-1.18338	-0.168488	0.299517	-0.256386	1.29915	-0.0147002	-0.0753398	0.174292	1.27609	0.0652886	-0.221566	-0.177073	
1.8	0.0806039	0.461427	-1.35235	0.189858	-0.141659	0.0358493	-1.18212	-0.172698	0.295833	-0.273983	1.30505	-0.0191272	-0.0737979	0.166515	1.27294	0.0686143	-0.221265	-0.180523	
1.81	0.0785994	0.469076	-1.35257	0.200049	-0.137363	0.0389943	-1.18106	-0.176561	0.291979	-0.290653	1.31052	-0.0240647	-0.0722292	0.15865	1.26973	0.0722178	-0.220747	-0.18379	
1.82	0.0764605	0.476752	-1.35269	0.210599	-0.13324	0.0416885	-1.18018	-0.180083	0.287964	-0.306432	1.31555	-0.029458	-0.0706225	0.150673	1.26647	0.0761243	-0.220015	-0.18687	
1.83	0.074183	0.484453	-1.3527	0.221507	-0.129279	0.0439479	-1.17946	-0.183269	0.283847	-0.321307	1.3202	-0.0351681	-0.0689728	0.142588	1.26314	0.0803366	-0.219068	-0.189759	
1.84	0.0717614	0.492176	-1.35261	0.232777	-0.125473	0.0457861	-1.17893	-0.186119	0.279652	-0.335304	1.32449	-0.0411108	-0.0672799	0.134398	1.25976	0.0848518	-0.217909	-0.192456	
1.85	0.0691757	0.499925	-1.3524	0.244437	-0.121819	0.0472201	-1.17854	-0.188635	0.275399	-0.348455	1.32842	-0.0472241	-0.0655449	0.126105	1.25632	0.0896626	-0.21654	-0.19496	
1.86	0.0664022	0.507692	-1.35205	0.256518	-0.118315	0.0482663	-1.17832	-0.190818	0.271097	-0.360792	1.33202	-0.0534559	-0.0637681	0.117713	1.25281	0.0947627	-0.214962	-0.197268	
1.87	0.0634323	0.515479	-1.35157	0.26903	-0.11496	0.0489404	-1.17824	-0.192668	0.26676	-0.372345	1.33529	-0.0597567	-0.0619477	0.109221	1.24926	0.100152	-0.213179	-0.199375	
1.88	0.0602536	0.52328	-1.35094	0.281984	-0.111756	0.0492625	-1.1783	-0.194189	0.262397	-0.383138	1.33825	-0.0660805	-0.060072	0.100632	1.24566	0.105847	-0.211191	-0.201283	
1.89	0.0568265	0.531092	-1.35014	0.295439	-0.108694	0.0492162	-1.1785	-0.195359	0.258022	-0.393198	1.34093	-0.0723831	-0.0581371	0.0919241	1.242	0.111862	-0.209001	-0.20299	
1.9	0.0531458	0.538911	-1.34917	0.309395	-0.105775	0.0488186	-1.17883	-0.196175	0.253645	-0.402554	1.34334	-0.0786231	-0.056128	0.0830946	1.23829	0.118221	-0.206609	-0.204491	
1.91	0.0492123	0.54673	-1.34802	0.323841	-0.103005	0.0480601	-1.17931	-0.196609	0.249281	-0.411234	1.34549	-0.0847617	-0.0540434	0.0741515	1.23452	0.124918	-0.204011	-0.205787	
1.92	0.045025	0.554549	-1.34669	0.338768	-0.100394	0.0469665	-1.17992	-0.19666	0.244941	-0.419266	1.3474	-0.0907621	-0.0518857	0.0650997	1.2307	0.131942	-0.201214	-0.206884	
1.93	0.0405546	0.56236	-1.34518	0.354213	-0.0979499	0.0455646	-1.18066	-0.196337	0.240694	-0.426652	1.34912	-0.0965286	-0.0496568	0.0559414	1.22683	0.139284	-0.198221	-0.207777	
