0	0	0.299058	-1.17495e-21	
0.01	0.000273324	0.297406	0.000346486	
0.02	0.000511782	0.294351	0.000465381	
0.03	0.000751576	0.28984	0.000342746	
0.04	0.000989124	0.283821	7.37209e-05	
0.05	0.00122476	0.276292	-0.000300071	
0.06	0.00145863	0.267264	-0.0007434	
0.07	0.00169144	0.256748	-0.0012286	
0.08	0.00243296	0.245912	3.87789e-05	
0.09	0.00391883	0.237078	0.00395369	
0.1	0.00594652	0.233508	0.00650197	
0.11	0.00896695	0.235507	0.00651308	
0.12	0.0124681	0.2396	0.00566508	
0.13	0.0159583	0.243468	0.0045352	
0.14	0.019452	0.246549	0.00340691	
0.15	0.0228996	0.249027	0.00229921	
0.16	0.026229	0.250876	0.00131493	
0.17	0.0297719	0.252143	0.000371686	
0.18	0.0330456	0.25233	-0.000375348	
0.19	0.0364386	0.25312	-0.00133403	
0.2	0.039505	0.253822	-0.00265991	
0.21	0.0422896	0.254301	-0.00428061	
0.22	0.0448072	0.254542	-0.00606643	
0.23	0.0470467	0.254672	-0.00767515	
0.24	0.0490307	0.255015	-0.00898588	
0.25	0.0510958	0.256385	-0.00998316	
0.26	0.0532357	0.257358	-0.0109464	
0.27	0.0554139	0.257266	-0.0117491	
0.28	0.0575996	0.255971	-0.0123847	
0.29	0.0596958	0.253192	-0.0129213	
0.3	0.0614719	0.249539	-0.0132718	
0.31	0.0628939	0.246398	-0.0135918	
0.32	0.0640035	0.248036	-0.0148081	
0.33	0.0648163	0.249187	-0.0157111	
0.34	0.0651983	0.249837	-0.0161711	
0.35	0.065329	0.249841	-0.0163901	
0.36	0.0662545	0.251148	-0.0155937	
0.37	0.0680923	0.254869	-0.0138645	
0.38	0.0702357	0.258634	-0.0116349	
0.39	0.0723087	0.261196	-0.00950754	
0.4	0.074441	0.262703	-0.0076194	
0.41	0.0766795	0.263323	-0.00608531	
0.42	0.0792631	0.263764	-0.00531778	
0.43	0.0819743	0.26419	-0.00478407	
0.44	0.0846985	0.264604	-0.00433373	
0.45	0.0874375	0.264988	-0.00393585	
0.46	0.090168	0.265358	-0.00356023	
0.47	0.0928653	0.265738	-0.00315566	
0.48	0.0955399	0.266121	-0.00272636	
0.49	0.0982371	0.266422	-0.0023191	
0.5	0.100936	0.266683	-0.00189078	
0.51	0.103638	0.266897	-0.00143018	
0.52	0.106346	0.267051	-0.000948704	
0.53	0.109065	0.267144	-0.000471381	
0.54	0.111805	0.267158	-1.88666e-05	
0.55	0.114573	0.267078	0.000401818	
0.56	0.117374	0.266889	0.000788502	
0.57	0.120216	0.266576	0.00113555	
0.58	0.123103	0.266126	0.0014394	
0.59	0.126047	0.265509	0.00169082	
0.6	0.129054	0.264707	0.00188685	
0.61	0.132126	0.263701	0.0020229	
0.62	0.135265	0.262477	0.00209857	
0.63	0.138471	0.261022	0.00211274	
0.64	0.141745	0.259318	0.0020643	
0.65	0.145086	0.257344	0.00195163	
0.66	0.148493	0.25508	0.00177456	
0.67	0.151975	0.25246	0.00152546	
0.68	0.155428	0.248998	0.00115221	
0.69	0.158857	0.244576	0.000680906	
0.7	0.161972	0.243554	0.000269902	
0.71	0.16482	0.243579	-0.000312065	
0.72	0.168092	0.244103	-2.81181e-06	
0.73	0.17178	0.245831	0.00147076	
0.74	0.175345	0.246696	0.00284759	
0.75	0.178778	0.246605	0.00412623	
0.76	0.181941	0.24579	0.00514268	
0.77	0.184987	0.244458	0.00564842	
0.78	0.187572	0.244149	0.0056753	
0.79	0.189689	0.244676	0.00555396	
0.8	0.191373	0.245099	0.0054831	
0.81	0.192859	0.245955	0.0053839	
0.82	0.194634	0.24675	0.00556456	
0.83	0.196441	0.247447	0.00574555	
0.84	0.198233	0.248079	0.00589467	
0.85	0.199999	0.248661	0.00600413	
0.86	0.201736	0.2492	0.0060648	
0.87	0.203468	0.249711	0.00612114	
0.88	0.205144	0.250265	0.00620376	
0.89	0.206742	0.250951	0.00634222	
0.9	0.208355	0.251286	0.00660078	
0.91	0.209923	0.251448	0.00687674	
0.92	0.211449	0.250994	0.00731353	
0.93	0.213125	0.250708	0.00756503	
0.94	0.214912	0.250062	0.00796261	
0.95	0.216465	0.248347	0.00861499	
0.96	0.217744	0.245586	0.00951955	
0.97	0.219539	0.24355	0.00978799	
0.98	0.220915	0.243005	0.0101629	
0.99	0.221245	0.243446	0.0110822	
1	0.221768	0.244383	0.011636	
1.01	0.223431	0.245896	0.0120162	
1.02	0.225107	0.246197	0.0123337	
1.03	0.226448	0.246124	0.0129816	
1.04	0.227318	0.246355	0.0139713	
1.05	0.229525	0.248604	0.0132012	
1.06	0.231924	0.250212	0.0123425	
1.07	0.234187	0.251074	0.0119068	
1.08	0.236204	0.251828	0.0119475	
1.09	0.238113	0.251969	0.0121942	
1.1	0.239944	0.251753	0.0125637	
1.11	0.241742	0.251324	0.0129913	
1.12	0.243511	0.250748	0.0134495	
1.13	0.245247	0.250066	0.0139196	
1.14	0.246819	0.249834	0.0142493	
1.15	0.248431	0.249738	0.0143991	
1.16	0.250106	0.249625	0.0145318	
1.17	0.251855	0.249495	0.0146538	
1.18	0.253684	0.249369	0.0147627	
1.19	0.255584	0.249268	0.0148693	
1.2	0.257554	0.249184	0.0149743	
1.21	0.259592	0.249169	0.0150593	
1.22	0.261673	0.249256	0.0151424	
1.23	0.263776	0.24935	0.0152041	
1.24	0.26591	0.249457	0.0152435	
1.25	0.268068	0.249586	0.0152578	
1.26	0.270249	0.249739	0.0152465	
1.27	0.272447	0.249916	0.0152102	
1.28	0.274656	0.250129	0.015143	
1.29	0.276872	0.250372	0.0150476	
1.3	0.279089	0.250642	0.0149246	
1.31	0.281306	0.250943	0.0147735	
1.32	0.283531	0.251226	0.0146168	
1.33	0.285767	0.25153	0.0144375	
1.34	0.288006	0.25187	0.0142279	
1.35	0.290231	0.252255	0.0139825	
1.36	0.292438	0.252695	0.0136973	
1.37	0.294623	0.253194	0.0133706	
1.38	0.296772	0.253748	0.0130028	
1.39	0.298889	0.254362	0.0125931	
1.4	0.300984	0.254676	0.0121669	
1.41	0.303178	0.255128	0.011804	
1.42	0.305331	0.255753	0.0113609	
1.43	0.307408	0.256333	0.0108068	
1.44	0.309489	0.25645	0.010305	
1.45	0.31169	0.256366	0.00990246	
1.46	0.314095	0.256367	0.00967632	
1.47	0.316557	0.256425	0.00943223	
1.48	0.319033	0.256498	0.00917539	
1.49	0.32145	0.256275	0.00878896	
1.5	0.324036	0.255804	0.00866577	
1.51	0.326794	0.255331	0.0086256	
1.52	0.329664	0.254872	0.00859058	
1.53	0.332604	0.254415	0.0085613	
1.54	0.335542	0.253931	0.00853965	
1.55	0.338477	0.253404	0.00853234	
1.56	0.341414	0.252811	0.00854628	
1.57	0.344366	0.252141	0.00858695	
1.58	0.347337	0.251377	0.00866001	
1.59	0.350331	0.250499	0.00877206	
1.6	0.353356	0.249489	0.00892897	
1.61	0.356415	0.248329	0.00913605	
1.62	0.359513	0.247022	0.00938799	
1.63	0.362652	0.245525	0.00970315	
1.64	0.365844	0.243783	0.010098	
1.65	0.36908	0.2418	0.0105587	
1.66	0.372356	0.239586	0.0110923	
1.67	0.375669	0.237114	0.0116968	
1.68	0.379019	0.234374	0.0123711	
1.69	0.381211	0.234679	0.0124743	
1.7	0.382864	0.235656	0.0125366	
1.71	0.38423	0.236493	0.012602	
1.72	0.385358	0.236919	0.0126705	
1.73	0.386357	0.236803	0.0128046	
1.74	0.386952	0.237505	0.0129936	
1.75	0.38764	0.23805	0.0132534	
1.76	0.388532	0.238832	0.0133412	
1.77	0.389893	0.239796	0.0132332	
1.78	0.391551	0.240426	0.0131995	
1.79	0.393499	0.240704	0.0132286	
1.8	0.395651	0.240583	0.0133747	
1.81	0.397924	0.240001	0.0136679	
1.82	0.4001	0.239691	0.0139202	
1.83	0.402035	0.239851	0.0140437	
1.84	0.403947	0.23999	0.0141666	
1.85	0.405826	0.240123	0.0142544	
1.86	0.407676	0.240257	0.0143339	
1.87	0.409515	0.240389	0.0143975	
1.88	0.411335	0.240522	0.0144471	
1.89	0.413142	0.240656	0.0144849	
1.9	0.414933	0.240796	0.0145062	
1.91	0.416704	0.240942	0.0145124	
1.92	0.418476	0.241027	0.0145315	
1.93	0.420191	0.24121	0.0145278	
