0	5.47971e-17	7.5359e-18	4.23032e-17	8.02019e-21	-7.16898e-17	-7.44213e-18	3.08794e-17	8.05307e-21	6.79027e-17	-2.64912e-18	-4.48836e-17	7.12193e-21	-2.12025e-17	1.99237e-18	-3.14066e-18	9.78667e-22	-2.53365e-19	-7.01957e-19	
0.01	0.0245879	2.04134	-0.0278702	0.0195316	0.0425427	2.10721	0.0202128	0.107436	-0.0595113	-1.31766	0.0179104	-0.0050616	-0.00508133	-1.02052	-0.00213765	-0.00719327	-9.99989	-10.0001	
0.02	0.0159244	-0.403092	0.00551005	-0.139958	0.0207941	-0.262994	-0.0113815	0.00493301	-0.0495383	0.352153	-0.00742095	0.0638236	-0.0110358	0.182849	-0.0113179	-0.00139336	1.34006	1.51287	
0.03	0.0661894	-0.400858	0.0409003	-0.126562	-0.0508909	-0.193989	0.0391655	0.00175132	-0.0364204	0.326557	-0.012811	0.0587945	-0.0101921	0.154534	-0.010208	-0.000751061	1.20176	1.35319	
0.04	0.0747281	-0.420896	0.0662167	-0.114624	-0.0726072	-0.148024	0.0375659	-0.000630655	0.0232501	0.34361	-0.0676658	0.0554228	-0.026639	0.131153	-0.00912247	-0.000253926	1.13592	1.26692	
0.05	0.0667572	-0.408797	0.0650759	-0.101206	-0.0611283	-0.111217	0.0323179	-0.00146095	0.015701	0.330358	-0.0643728	0.0503581	-0.0253914	0.112327	-0.00785908	-1.24329e-05	1.03354	1.14669	
0.06	0.0583746	-0.386106	0.0625298	-0.088073	-0.0504876	-0.0816281	0.0282181	-0.00168244	0.0105244	0.307625	-0.0606074	0.0442996	-0.0237113	0.0969223	-0.00675509	0.000104733	0.925067	1.02272	
0.07	0.0501166	-0.357631	0.0588451	-0.075898	-0.0410424	-0.0575955	0.0250145	-0.00156623	0.00741592	0.280183	-0.056424	0.0380571	-0.0220196	0.0843684	-0.00579531	0.00014216	0.816316	0.900977	
0.08	-10.0257	6.30076	-7.7158	5.8022	-1.55276	-1.33719	0.00864713	-0.293644	1.79295	-1.31813	-0.0833816	-0.206924	10.0606	4.98752	10.0548	4.2713	-4.15231	-5.07187	
0.09	-10.0364	4.73624	-5.85027	-1.39962	-0.679841	-0.61275	-0.0484709	-0.0242167	-0.38419	-0.725822	1.12775	-1.41186	10.0457	5.92041	10.0648	3.80442	-3.66666	0.180887	
0.1	-10.0275	5.52409	-5.84384	-1.58251	4.87681	-9.94897	-10.0027	-2.78199	-3.0254	-1.38349	2.58659	0.719332	7.73448	5.60066	6.54516	-2.43927	6.57273	8.81953	
0.11	-10.0082	5.69608	-5.73509	-1.7137	4.28868	-6.68369	-7.27271	-0.973715	0.29594	0.113153	0.0391434	-0.0641599	5.15581	3.98897	4.51254	-1.77776	3.03794	6.78947	
0.12	0.447409	-0.05966	0.0569757	0.0413921	1.45349	-1.31702	-1.6978	-0.0793853	-2.51734	-1.70201	2.14743	-0.0415443	0.637191	0.660712	0.637831	-0.253133	1.43068	-0.184977	
0.13	-2.10743	1.09606	-1.11945	-0.486082	0.399853	-0.572223	-0.606387	0.0189834	0.171553	0.126861	-0.0407391	-0.000843538	1.45138	0.986195	1.18942	-0.609011	-0.0757399	1.36107	
0.14	-2.37571	1.29158	-1.2314	-0.551683	0.550967	-0.653981	-0.737533	0.0723351	0.197794	0.096739	-0.0365119	-0.00692838	1.52631	1.09512	1.24911	-0.620835	-0.156853	1.34863	
0.15	0.915109	0.607544	0.0129344	0.133937	4.75933	-1.38448	-3.06303	2.56053	-4.75028	-4.57008	4.75314	-3.60643	0.878657	1.20838	0.959705	-0.645325	0.677177	-2.01134	
0.16	-3.05374	1.79487	-1.52184	-0.727132	0.739966	-0.843743	-0.952989	0.0629188	0.276101	0.0612783	-0.0334251	-0.0183783	1.88587	1.34786	1.46766	-0.790991	-0.430675	1.43722	
0.17	-1.39296	0.91751	-0.771762	-0.373467	0.19649	0.0823091	0.00854883	0.0226498	0.327695	0.0444865	-0.0384796	-0.02676	0.233391	0.0329365	0.00243292	-0.00445593	-1.14587	-0.45164	
0.18	-3.11459	1.84226	-1.48292	-0.823756	0.149025	-0.0437648	-0.0144322	0.0114526	0.535242	0.0719751	-0.0567579	-0.030552	1.85586	0.862433	1.13893	-0.769662	-1.78122	0.192111	
0.19	-0.212471	-0.0344092	-0.00969901	-0.0413939	0.63535	-0.336588	-0.593987	0.446276	-0.210132	-0.0213811	0.0154086	0.020858	0.340072	0.330944	0.361086	-0.253957	0.717862	0.580823	
0.2	-4.9226	-0.835713	-0.6495	-3.22434	2.6173	-1.01711	-1.76834	1.20093	0.4576	0.246892	-0.0645749	0.0140452	1.91979	1.13192	1.24175	-0.947846	3.40158	2.93076	
0.21	-4.46548	-0.705869	-0.575163	-2.95887	2.26835	-0.93903	-1.53153	1.01503	0.441177	0.222856	-0.0598106	0.00878704	1.86362	1.07256	1.17305	-0.930988	3.11308	2.82387	
0.22	-3.55986	-2.26837	0.27875	-2.37912	2.40509	-1.21928	-1.69379	1.0735	0.446638	0.104331	-0.0401355	-0.00147365	0.871021	2.00583	1.3933	0.0208482	5.2538	3.38379	
0.23	-3.53536	-2.44212	0.393092	-2.39942	2.57484	-1.33451	-1.79928	1.1268	0.462487	0.0855155	-0.0364866	-0.00671528	0.597332	2.35293	1.48626	0.298463	5.71008	3.572	
0.24	1.89465	0.392245	0.067462	0.22895	8.52185	-3.23544	-5.08195	3.13918	-9.99786	-1.12582	3.48154	-2.81675	0.375535	3.2441	1.68424	0.449404	4.45844	3.43261	
0.25	0.133733	-0.0228225	0.00689246	0.00908492	2.79416	-1.39741	-1.95653	1.2199	-2.89463	-1.27491	1.53941	0.733286	0.156488	1.25678	0.755637	0.16057	2.05911	-0.0293658	
0.26	-0.227034	0.0229171	-0.0192355	-0.0363746	0.883218	-0.625894	-0.812309	0.497468	-0.21723	-0.107877	0.0312373	0.00533198	0.0463155	0.871791	0.533919	0.110615	1.14959	0.90099	
0.27	-0.20251	0.0354198	-0.0191144	-0.0286398	0.677773	-0.493803	-0.627389	0.37296	-0.162801	-0.091849	0.024707	0.00148409	0.0648306	0.867966	0.530798	0.110635	0.9181	0.816308	
0.28	-0.12991	0.0474611	-0.0150097	-0.00867197	-0.0661712	-0.0801192	-0.00832725	-0.0126801	0.00519333	-0.0421629	0.0042591	-0.0105835	0.207854	1.07534	0.674552	0.14049	0.280934	0.689789	
0.29	-0.0435384	0.0706405	-0.0125499	0.00527302	0.0186907	0.0790202	0.0126714	0.00357485	0.0435241	-0.0503535	0.00299084	-0.00531761	-0.0314195	-0.002436	-0.000657425	-0.000236182	-0.279528	-0.204514	
0.3	-1.43846	-0.803448	-0.0112208	-0.219327	-1.691	-1.3251	-0.141991	-0.155803	-0.645209	0.0486844	0.0230781	0.0271212	5.25944	5.70539	4.8105	0.152254	5.48054	5.04975	
0.31	-10.0064	-6.72886	2.24562	-4.48453	10.0041	-1.99235	-6.51536	-6.10784	0.439337	0.55749	-0.0184243	0.0418431	-0.688667	0.543305	0.0247264	0.0159875	10.0018	6.0823	
0.32	-2.11538	-3.1375	1.16548	-0.985931	1.20867	-1.31161	-0.79872	0.307873	0.511577	0.159437	-0.0486761	0.00186728	0.523316	2.82492	1.4777	0.383123	7.6717	4.60916	
0.33	-2.37661	-3.31648	1.59427	-1.22345	1.3562	-0.642349	-0.735803	0.33407	0.68078	0.0190518	-0.0355263	-0.0146085	0.377838	2.47217	1.33711	0.392698	6.03059	3.261	
0.34	-2.72026	-1.27502	0.390916	-1.72447	1.65408	-0.717215	-0.94875	0.4634	0.445777	0.0581251	-0.0267637	-0.0169727	0.49302	2.21082	1.22977	0.26724	3.77565	2.6215	
0.35	-0.17348	0.12571	-0.0348023	-0.0117966	0.492832	-0.332818	-0.464126	0.0792313	-0.132265	-0.107189	0.0251302	-0.00141477	0.04623	0.727479	0.420921	0.0754476	0.456542	0.543902	
0.36	-0.26738	-0.329131	0.0266605	-0.0710235	0.586759	-1.4525	-1.12665	-0.772656	-0.2805	0.92586	-0.120494	-0.00187075	0.453636	2.25837	1.02155	0.0880728	4.40394	6.55505	
0.37	0.834999	-0.674477	0.134998	-0.00505392	2.20223	-0.444721	-0.855615	-1.80595	-3.63299	4.90916	-2.55001	0.879091	-0.000545442	0.604958	0.0130685	-0.00299084	3.76972	9.98916	
0.38	-0.255547	0.183122	-0.050986	-0.018095	0.0708612	-0.379205	-0.357467	-0.197805	-0.143505	-0.097408	0.0242845	-0.00344419	0.474308	1.56744	0.949937	0.0378675	0.574479	1.00959	
0.39	-0.17447	0.171654	-0.0450337	-0.00274388	0.147219	-0.554092	-0.591072	-0.440258	-0.141436	-0.0849347	0.0231168	0.000556668	0.305033	0.738917	0.469532	-0.0414341	0.568192	0.690175	
0.4	-0.180175	0.169573	-0.045516	-0.00220193	0.156579	-0.589286	-0.619617	-0.478582	-0.137504	-0.0845445	0.0226034	-0.000309611	0.326104	0.742483	0.487923	-0.053833	0.636991	0.768551	
0.41	0.243092	0.0641614	-0.0151688	0.061593	1.14285	-1.55432	-1.6099	-1.15646	-2.86421	-0.785966	1.22184	0.937199	0.742745	1.2549	0.814988	-0.136541	1.69837	0.726126	
0.42	0.259799	0.135374	-0.0255728	0.0405135	3.13769	-1.79293	-2.18162	0.551957	-3.88097	-1.63252	2.02789	0.905014	0.316325	1.26764	0.785104	0.0232139	1.95878	-0.404745	
0.43	0.386896	0.18285	-0.0223264	0.0361701	4.22371	-0.321628	-1.1588	1.27503	-4.17408	-1.62026	2.08579	0.956054	-0.495638	0.358463	0.176597	0.17728	-0.2404	-1.96373	
0.44	0.362133	0.177788	-0.0233854	0.032677	4.03241	-0.562749	-1.30635	1.16146	-4.03974	-1.56518	2.01781	0.939084	-0.396809	0.50452	0.278718	0.165212	0.148666	-1.62689	
0.45	0.378103	0.194688	-0.0243452	0.0302727	4.1893	-0.334618	-1.14759	1.25915	-4.1003	-1.54464	2.02049	0.958459	-0.498401	0.299464	0.156411	0.164503	-0.235848	-1.93389	
0.46	0.3646	0.212067	-0.0278945	0.0257064	4.19726	-0.131414	-0.991465	1.37821	-4.14526	-1.49516	1.99547	0.9699	-0.31754	-0.129959	-0.00682221	0.00393023	-0.603375	-2.28359	
0.47	0.367428	0.222203	-0.0289507	0.0243415	4.24099	-0.116427	-0.981051	1.39909	-4.22356	-1.507	2.02912	1.00293	-0.32228	-0.127189	-0.00702342	0.00416152	-0.667402	-2.3918	
0.48	0.354739	0.18981	-0.0247528	0.0248764	4.00405	-0.773555	-1.43704	1.07314	-4.06574	-1.50028	1.99617	0.992104	-0.390205	0.625179	0.386245	0.189879	0.44512	-1.4254	
0.49	0.354207	0.214464	-0.0277312	0.0195878	4.18183	-0.29887	-1.10012	1.33182	-4.06699	-1.41424	1.93252	0.984719	-0.335216	-0.122924	-0.00763413	0.00430475	-0.360618	-2.10548	
0.5	0.357639	0.217537	-0.0275676	0.0184033	4.23989	-0.324277	-1.12412	1.34703	-4.13369	-1.41894	1.95775	1.01265	-0.342121	-0.122732	-0.00792854	0.00441367	-0.341352	-2.13249	
0.51	0.353198	0.2157	-0.026998	0.0167795	4.24391	-0.395536	-1.17402	1.33268	-4.11426	-1.39629	1.94124	1.0181	-0.347622	-0.121516	-0.00819129	0.00444666	-0.231163	-2.05368	
0.52	0.359791	0.221362	-0.0268498	0.0202644	4.08185	-0.155651	-0.941207	1.11217	-4.09857	-1.30692	1.88625	1.06332	-0.344785	-0.129654	-0.00848297	0.00401435	-0.59305	-2.13477	
0.53	0.354627	0.215009	-0.0256575	0.0206647	3.9759	-0.137308	-0.898745	0.963465	-3.98891	-1.21047	1.79581	1.0608	-0.352053	-0.132677	-0.00883979	0.00376836	-0.580423	-1.97288	
0.54	0.350657	0.211879	-0.024849	0.0196294	3.96398	-0.151021	-0.900789	0.941601	-3.97095	-1.16764	1.76313	1.07277	-0.356742	-0.133318	-0.00909648	0.00366464	-0.547477	-1.91992	
0.55	0.344949	0.208964	-0.0241594	0.0186273	3.95488	-0.19345	-0.925678	0.923021	-3.94473	-1.13874	1.73948	1.0765	-0.361028	-0.133694	-0.00931741	0.00354812	-0.472674	-1.84937	
0.56	0.338887	0.205517	-0.023442	0.0177533	3.94105	-0.207994	-0.928365	0.902232	-3.91916	-1.09925	1.70749	1.08358	-0.365803	-0.134364	-0.00952882	0.00341018	-0.438175	-1.79619	
0.57	0.334237	0.204099	-0.0228728	0.0170061	3.93008	-0.152921	-0.877422	0.899103	-3.93144	-1.05371	1.6785	1.10857	-0.367527	-0.136127	-0.0096725	0.00323859	-0.517727	-1.83012	
0.58	0.31314	0.189464	-0.0218969	0.015476	3.91264	-0.509887	-1.14584	0.835982	-3.71406	-1.11146	1.68155	1.014	-0.385111	-0.131328	-0.0100319	0.00316895	0.0667165	-1.41443	
0.59	0.314179	0.195933	-0.0218518	0.0151422	3.89226	-0.255958	-0.938497	0.861556	-3.81954	-1.01216	1.63023	1.08384	-0.376763	-0.136968	-0.00996675	0.0029141	-0.332932	-1.65565	
0.6	0.300372	0.194314	-0.021903	0.0142417	3.87927	-0.370095	-1.01804	0.849831	-3.78174	-1.05733	1.66168	1.06229	-0.380636	-0.136328	-0.010019	0.00277659	-0.159674	-1.55943	
0.61	0.300122	0.191723	-0.0209944	0.0134817	3.87422	-0.226845	-0.900686	0.867049	-3.7916	-0.94891	1.58208	1.09446	-0.379091	-0.141556	-0.0100872	0.00251581	-0.362183	-1.63645	
0.62	0.289336	0.189107	-0.0208047	0.0125675	3.85784	-0.209432	-0.879214	0.871	-3.75983	-0.917854	1.55412	1.09748	-0.381898	-0.142739	-0.0101152	0.00234751	-0.382152	-1.63433	
0.63	0.280727	0.187585	-0.020625	0.0116327	3.85536	-0.216958	-0.878661	0.882714	-3.73339	-0.908431	1.54479	1.0913	-0.382666	-0.144898	-0.0101025	0.00217046	-0.366985	-1.61825	
0.64	0.271156	0.186545	-0.0205858	0.0106307	3.85075	-0.22236	-0.876131	0.896962	-3.70305	-0.902674	1.53743	1.0825	-0.382687	-0.14703	-0.0100602	0.0020031	-0.356227	-1.60618	
0.65	0.260961	0.185944	-0.0206667	0.00952234	3.84531	-0.225783	-0.872023	0.914625	-3.67045	-0.899825	1.53173	1.07181	-0.381944	-0.14903	-0.00999408	0.00184607	-0.349436	-1.59744	
0.66	0.250152	0.185765	-0.0208651	0.00830417	3.83963	-0.227392	-0.866557	0.935928	-3.63606	-0.900398	1.5282	1.0594	-0.380493	-0.150797	-0.00990666	0.00170332	-0.346499	-1.59255	
0.67	-0.148244	0.141848	-0.0257058	-0.0105438	1.02138	0.804182	0.360931	-0.143463	-0.286836	-0.0781309	0.0298275	0.00855791	-0.28428	-0.146354	-0.0072038	0.000689269	-1.36437	-0.55792	
0.68	-0.101593	0.126735	-0.0219983	-0.00958873	0.740447	0.615214	0.271157	-0.0757235	-0.205137	-0.0726776	0.0238583	0.00632208	-0.199733	-0.135611	-0.00631066	-6.60752e-05	-1.09309	-0.495626	
0.69	-0.104729	0.117613	-0.0205438	-0.0116609	0.7847	0.635155	0.282629	-0.0484978	-0.211021	-0.0697931	0.0235009	0.00727057	-0.213216	-0.134022	-0.00645223	-0.000116184	-1.09976	-0.481129	
0.7	-6.62941	-2.65555	0.508829	-2.88758	6.67243	0.879893	-0.529219	3.25013	0.433123	0.262764	-0.0274206	0.000936827	-0.101139	-0.320953	-0.00154604	-0.000178283	1.37054	0.308942	
0.71	-1.69429	-0.514248	-0.00121379	-0.698614	2.44828	0.421817	-0.155115	1.30068	-0.0868946	-0.0366338	0.0188355	0.00929467	-0.214373	-0.211628	-0.00667356	0.000751171	-0.21539	-0.416861	
0.72	2.8445	-0.664205	0.185794	0.0603365	9.99541	7.03561	3.09458	0.80397	-9.03491	7.80906	-3.81848	-8.08546	-0.772167	0.289691	-0.00671431	0.00967176	-6.41671	9.95462	
0.73	-0.184832	0.0852798	-0.0180142	-0.0165593	1.33111	1.32707	0.695774	0.136964	-0.31918	-0.0714432	0.0301507	0.0057517	-0.383668	-0.178312	-0.00894631	0.00058411	-1.95797	-0.796566	
0.74	-0.112185	0.0728974	-0.0138471	-0.0103053	0.895433	0.927148	0.480697	0.108397	-0.216513	-0.0733082	0.0244747	0.00379264	-0.25416	-0.151864	-0.00708231	7.61527e-05	-1.40669	-0.639133	
0.75	0.0490326	0.175022	-0.0254068	0.00350262	1.90453	1.5673	0.802095	0.239268	-1.42651	-0.478421	0.775625	0.00696388	-0.338883	-0.169705	-0.00886308	4.74317e-05	-2.54131	-1.44281	
0.76	0.141073	0.228134	-0.0294476	0.017132	2.44684	1.46334	0.620857	0.0184303	-2.11215	-0.649111	1.12554	0.106838	-0.395686	-0.135726	-0.00842287	0.000577045	-2.50089	-1.50001	
0.77	0.158105	0.253416	-0.0329151	0.0191683	2.60943	1.55479	0.649271	0.032802	-2.23861	-0.749511	1.26445	-0.0182648	-0.409859	-0.128416	-0.00835172	0.000884825	-2.67524	-1.58711	
0.78	-4.85505	-3.01897	0.985844	-1.42949	5.53579	0.656826	-0.462403	2.92323	0.293752	0.330834	-0.0372793	0.0152261	-0.174249	-0.334301	-0.00380433	0.000747579	2.3547	0.579043	
0.79	0.407715	-0.0611519	0.0493071	0.106082	0.33801	0.020994	-0.0227958	0.0317126	-1.55332	0.372458	0.13944	0.593456	0.160216	-0.0782068	-0.000627956	-0.00396912	0.0272155	-0.173337	
0.8	-3.31926	-3.11877	1.39499	-0.876512	4.90295	-0.469684	-1.1222	2.20112	0.264313	0.231188	-0.0370086	0.0106757	-0.472396	-0.252283	-0.00914982	0.00219035	4.5209	2.33355	
0.81	-0.450957	-1.40131	0.538516	-0.355061	4.53596	-0.721476	-1.26965	1.67609	-3.47265	2.75908	-1.41814	1.22893	-0.269757	-0.12384	-0.00569841	-0.00127697	3.21793	3.21527	
0.82	-1.23027	-1.33122	0.558977	-0.552786	3.35644	1.53863	0.457142	1.36394	-0.86982	1.11188	-0.536266	-0.923405	-0.340789	-0.164142	-0.00719911	0.0013971	-0.26365	1.39921	
0.83	-1.4603	-1.59016	0.661059	-0.654921	3.08584	1.87027	0.706775	1.24393	-0.242107	1.46307	-0.977856	-1.31857	-0.338909	-0.14859	-0.00653207	0.00142332	-0.225881	2.06232	
0.84	-1.44459	-1.63512	0.700688	-0.683632	3.23995	1.83309	0.650885	1.33742	-0.358193	1.46216	-0.936595	-1.30417	-0.332789	-0.148504	-0.00630463	0.00149357	-0.126908	2.10241	
0.85	-1.44278	-1.63172	0.693848	-0.68101	3.2549	1.90543	0.685488	1.3513	-0.364453	1.47863	-0.94165	-1.33967	-0.337303	-0.14277	-0.0061845	0.00157384	-0.207013	2.10918	
0.86	-1.48003	-1.65022	0.69394	-0.680139	3.28366	1.89451	0.664648	1.39564	-0.350579	1.45231	-0.916955	-1.33253	-0.336496	-0.140403	-0.00605933	0.00160018	-0.16106	2.10265	
0.87	-1.42532	-1.59588	0.668194	-0.593719	3.18411	2.07322	0.786364	1.31372	-0.336584	1.4246	-0.895215	-1.33129	-0.34074	-0.136175	-0.00596488	0.00147581	-0.402601	2.00038	
0.88	-0.296866	-2.09223	1.322	1.70402	2.1003	1.42951	0.539736	-0.132717	-0.313839	1.24391	-0.678773	-0.926969	-0.305951	-0.202677	-0.00615294	0.00161126	1.98935	2.39988	
0.89	-0.156838	-1.44681	0.866881	1.06649	2.15784	1.63466	0.644255	0.0744242	-0.727276	1.43348	-0.812201	-0.813773	-0.327229	-0.141376	-0.00585302	0.00134011	0.724567	2.13244	
0.9	-0.274799	-1.17572	0.670792	0.825842	0.101179	-0.0209655	-0.0147032	0.00267485	0.381977	0.303156	-0.199535	-0.288157	0.0477826	-0.12868	-0.00179106	-0.00205371	2.00863	1.15056	
0.91	-0.0752801	-1.1428	0.619772	0.735621	0.227191	0.100165	-0.00813369	0.0171893	0.0477407	0.972987	-0.580546	-0.935912	0.11667	-0.100213	0.000351232	-0.00102573	1.84293	1.80726	
0.92	-0.312249	-1.20439	0.71449	0.914236	0.0637676	-0.00390784	-0.00942615	0.00194789	0.321571	0.272993	-0.129199	-0.173102	0.0314118	-0.12274	-0.00163401	-0.00116103	1.9276	0.774804	
0.93	-0.0764897	-1.30307	0.684068	0.826524	1.59496	0.010449	-0.128034	0.200522	-0.751425	1.50186	-0.785091	-1.0723	-0.101155	-0.122671	-0.00234904	0.00196183	2.29184	2.47267	
0.94	-0.242368	-1.21367	0.702586	0.929063	0.0864095	-0.0418679	-0.0161816	0.000287148	0.390279	0.229287	-0.141625	-0.212207	0.0480909	-0.124845	-0.00144905	-0.00226313	2.13348	1.13142	
0.95	-0.204101	-1.24891	0.77824	1.11424	0.0514859	-0.0163795	-0.0102509	-0.0014499	0.265547	0.252596	-0.0856587	-0.112061	0.0321386	-0.128705	-0.0015951	-0.00123446	2.05916	0.715	
0.96	-0.214143	-1.24927	0.773872	1.07682	0.0552206	-0.0248859	-0.0114647	-0.000153198	0.26409	0.252539	-0.0841336	-0.109241	0.0348796	-0.120957	-0.00133155	-0.00138888	2.06843	0.749636	
0.97	-0.197223	-2.74092	1.41278	1.70344	8.81481	-1.20294	-0.866861	1.21295	-6.42136	3.71599	-0.873079	2.2877	-1.23521	-0.105838	-0.0142098	0.00771608	6.88079	5.51736	
0.98	-7.67174	-1.40283	-1.23888	-3.36437	-1.54766	-0.550991	0.000706916	-0.211174	-0.0268393	-0.491301	0.48534	-1.1248	8.56357	8.14331	7.6522	2.37169	4.30762	9.99831	
0.99	-3.46026	-0.792764	-0.530074	-1.52801	-0.492808	-0.118298	0.00952445	-0.0436632	0.176397	0.0510554	-0.00736195	-0.00961052	3.59216	2.3161	2.30173	-0.237239	1.56126	3.25702	
1	-0.102779	-0.101592	-0.249471	-0.452285	9.99667	0.66154	-2.22663	-3.01053	-6.75643	3.8755	-0.932963	-3.53781	-1.58403	0.748443	0.00370516	0.0294173	2.24713	10.0073	
1.01	-0.370364	-1.05911	0.596749	-0.2405	0.175379	0.0328853	-0.00842269	0.0340788	-0.030093	0.574357	-0.246546	-0.353866	0.123288	0.00925935	0.0030592	-0.000975396	1.36511	1.21637	
1.02	-0.124754	-0.82007	0.467182	0.598233	0.0946957	0.0207226	-0.00557247	0.0125729	0.0196123	0.343059	-0.129201	-0.186971	0.096331	-0.0630083	0.00114047	-0.000958931	1.30192	0.629782	
1.03	-4.83072	-1.45196	-0.618579	-2.20461	-0.753951	-0.346274	-0.0120356	-0.121527	-0.165133	1.00752	-0.416019	-0.638491	5.79546	5.54793	4.86699	0.228033	4.22955	9.48492	
1.04	-3.04001	-0.910661	-0.39123	-1.44885	-0.461014	-0.0405179	0.0140792	-0.0369221	-0.33843	0.712197	-0.302139	-0.504431	3.96548	1.68538	1.82732	-0.408574	1.58949	3.41673	
1.05	0.297745	-0.585522	0.376523	0.353535	0.975144	-0.182018	-0.0988098	0.131264	-2.0195	0.569328	0.332096	1.06907	0.0659411	-0.0280079	0.00141383	-0.00352127	1.20204	0.311225	
1.06	-0.110186	-0.31827	0.111978	0.556361	0.127253	0.0276501	-0.00719738	0.0165495	-0.155951	-0.247356	0.357246	-0.175501	0.104774	-0.0514012	0.00161554	-0.000829298	0.487193	-0.162477	
1.07	-3.32979	-0.333068	-0.89817	0.111899	9.99174	-1.44229	-2.00862	5.42466	-3.52343	-0.331944	1.28905	1.11022	-0.924342	-0.382513	-0.0184136	0.00827884	1.73063	-0.812169	
1.08	-0.791957	0.273466	-0.564886	0.353966	1.3229	0.968079	0.263941	0.642232	-0.406782	-0.613432	0.641947	-0.302163	-0.0820884	-0.0629174	-0.000586125	0.000351006	-1.34935	-0.906865	
1.09	-1.11561	0.222158	-0.602533	0.190751	1.97593	1.37619	0.358791	0.980328	-0.530368	-0.730498	0.764838	-0.350525	-0.18063	-0.0614059	-0.00162841	0.00123009	-1.75954	-1.01287	
1.1	-1.288	0.182062	-0.615129	0.109193	2.39793	2.02735	0.574658	1.2271	-0.639296	-0.746653	0.808557	-0.440821	-0.262914	-0.0550926	-0.00241979	0.00171872	-2.37731	-1.08131	
1.11	-1.38544	0.129928	-0.607125	0.0692009	2.54194	2.30504	0.660315	1.33297	-0.650513	-0.671471	0.757236	-0.487506	-0.294238	-0.0479527	-0.00256297	0.00199331	-2.5748	-1.02891	
1.12	-1.42837	0.115484	-0.609892	0.0732635	2.61336	2.53246	0.733893	1.40364	-0.661123	-0.67721	0.757784	-0.493973	-0.313141	-0.0446136	-0.00267027	0.00202345	-2.76585	-1.05432	
1.13	-1.44458	0.116883	-0.615356	0.103619	2.62467	2.71774	0.795824	1.44438	-0.660198	-0.709013	0.771236	-0.480788	-0.324175	-0.0427517	-0.0027265	0.00197705	-2.93628	-1.11887	
1.14	-3.58598	-0.688376	-0.646108	-1.55624	-0.483005	-0.14393	0.00430845	-0.0541455	-0.213875	0.140133	0.110114	-0.39982	4.23355	1.66084	1.88125	-0.0278305	1.34268	2.75263	
1.15	-3.22957	-0.650474	-0.564559	-1.37824	-0.389883	-0.0863441	0.00559343	-0.0459392	-0.251163	0.244513	0.0639813	-0.325478	3.94303	1.90747	2.00355	-0.455649	1.34889	3.18793	
1.16	-2.57747	-0.181524	-0.720881	-0.513944	-0.378921	-0.0897119	0.00473483	-0.0456353	-0.306894	-0.538883	0.552979	-0.193493	3.32171	0.731105	1.09576	-0.159301	0.425454	0.592713	
1.17	-2.6292	-0.173663	-0.750433	-0.458401	-0.382673	-0.0973055	0.00403264	-0.0472282	-0.241318	-0.542777	0.522646	-0.203583	3.30239	0.64742	1.03665	-0.0827707	0.427059	0.472889	
1.18	-2.61461	-0.145732	-0.766156	-0.361333	-0.376989	-0.101451	0.00319532	-0.0484022	-0.191889	-0.536084	0.498415	-0.195181	3.20146	0.619851	1.00411	0.0304498	0.393348	0.304005	
1.19	-2.64444	-0.157881	-0.756457	-0.408538	-0.363835	-0.104063	0.00198763	-0.0484101	-0.186025	-0.569246	0.517942	-0.211637	3.21055	0.705894	1.06492	0.0353174	0.424581	0.424891	
1.2	-3.45423	0.0601121	-1.12487	-1.01546	-0.377144	-0.108361	0.00160307	-0.0511412	-0.114186	-0.477703	0.436204	-0.170322	3.86015	1.59817	1.792	-0.250177	0.272427	1.4918	
1.21	-3.15153	0.258884	-1.15885	-0.939851	-0.348525	-0.0976917	0.000998603	-0.05118	-0.175216	-0.538819	0.466829	-0.172241	3.62036	1.64505	1.78245	-0.252203	0.0322184	1.45022	
1.22	-3.53426	0.0851738	-1.10281	-1.43417	-0.328672	-0.122763	-0.00256379	-0.0493207	-0.1204	-0.454844	0.42549	-0.157407	3.86993	2.18451	2.19576	-0.364778	0.339606	2.3594	
1.23	-3.52939	0.112425	-1.12068	-1.3994	-0.323607	-0.1218	-0.0033599	-0.0496594	-0.119661	-0.463532	0.424663	-0.152087	3.87072	2.1563	2.18012	-0.380467	0.30867	2.3077	
1.24	-3.56185	0.131131	-1.14069	-1.40083	-0.319403	-0.125969	-0.00471704	-0.0501907	-0.0987962	-0.460425	0.411222	-0.145433	3.8761	2.1667	2.19184	-0.38047	0.303661	2.31924	
1.25	-3.58677	0.151911	-1.16019	-1.39677	-0.315209	-0.129856	-0.00613979	-0.050641	-0.077756	-0.45438	0.396392	-0.138655	3.87353	2.17262	2.19945	-0.380216	0.295637	2.32382	
1.26	-3.5059	0.188883	-1.16308	-1.31187	-0.306797	-0.124397	-0.00712539	-0.0505707	-0.146578	-0.512462	0.448162	-0.127055	3.88248	2.10586	2.15835	-0.417793	0.23577	2.19933	
1.27	-3.63486	0.201193	-1.20789	-1.37709	-0.309719	-0.138979	-0.00928976	-0.0513183	-0.0437632	-0.407896	0.350383	-0.098295	3.86699	2.15528	2.19432	-0.39098	0.268309	2.29244	
1.28	-3.62652	0.229668	-1.22428	-1.34297	-0.305458	-0.140583	-0.0108161	-0.0513776	-0.0412062	-0.415846	0.351345	-0.0915092	3.8576	2.13468	2.18314	-0.401129	0.240683	2.24828	
1.29	-3.63831	0.256419	-1.24487	-1.32372	-0.305391	-0.142823	-0.0122402	-0.0516826	-0.0304417	-0.413609	0.343811	-0.0878172	3.86605	2.1209	2.18023	-0.414085	0.218453	2.22497	
1.3	-3.66551	0.28335	-1.27003	-1.31463	-0.306023	-0.146839	-0.0138765	-0.0518369	-0.00775099	-0.3988	0.326299	-0.0830146	3.8717	2.11512	2.18254	-0.422379	0.200041	2.21503	
1.31	-3.68205	0.31149	-1.29329	-1.29634	-0.307588	-0.149998	-0.0154266	-0.0518555	0.00855975	-0.387676	0.313206	-0.0787694	3.87892	2.0986	2.1778	-0.435899	0.176471	2.19022	
1.32	-3.649	0.348654	-1.30713	-1.22098	-0.313541	-0.146696	-0.0159973	-0.052049	-0.0130501	-0.460475	0.351783	-0.070696	3.91582	2.02404	2.13821	-0.483467	0.10788	2.03338	
1.33	-3.69733	0.370103	-1.33727	-1.23544	-0.31325	-0.157314	-0.0185576	-0.0513556	0.0401833	-0.407396	0.304897	-0.0642779	3.9021	2.02095	2.138	-0.482075	0.11554	2.07335	
1.34	-3.72206	0.397982	-1.36287	-1.22421	-0.314972	-0.163269	-0.020438	-0.0507159	0.0661075	-0.378209	0.281156	-0.0600757	3.89919	2.01151	2.13665	-0.488642	0.0976203	2.06534	
1.35	-3.77668	0.431947	-1.39902	-1.22587	-0.319319	-0.169903	-0.0222308	-0.050158	0.10435	-0.325935	0.245633	-0.0547035	3.89538	2.03956	2.16326	-0.481559	0.0719093	2.07024	
1.36	-3.79233	0.461873	-1.42339	-1.20453	-0.323817	-0.174755	-0.0237855	-0.0492531	0.117188	-0.305942	0.23209	-0.0520601	3.91022	2.01067	2.15143	-0.502269	0.0443621	2.03978	
1.37	-3.8052	0.493218	-1.44783	-1.18062	-0.327861	-0.180088	-0.0253172	-0.0481095	0.132481	-0.279443	0.215908	-0.0491838	3.91568	1.98433	2.13999	-0.519174	0.0142853	2.00658	
1.38	-3.81578	0.525401	-1.47254	-1.1528	-0.332775	-0.18474	-0.0265777	-0.0467603	0.147043	-0.250894	0.199594	-0.0461715	3.92214	1.94876	2.12194	-0.539567	-0.0204699	1.96272	
1.39	-3.82671	0.558358	-1.49764	-1.12454	-0.3381	-0.189542	-0.0276973	-0.0452851	0.162262	-0.222836	0.183998	-0.0438476	3.92894	1.91426	2.10482	-0.559849	-0.0568231	1.9191	
1.4	-1.53008	0.595895	-1.06046	1.32289	-0.333499	-0.107659	-0.0189867	-0.0545116	-0.32024	-0.827199	0.519416	0.0289505	2.40459	-0.240621	0.277509	0.345938	-0.533215	-1.66212	
1.41	-4.24709	0.64524	-1.67535	-1.27917	-0.389223	-0.219028	-0.0294876	-0.0441797	0.406941	0.044874	-0.0279659	-0.0383526	4.08148	2.01157	2.21769	-0.568857	-0.0673735	2.11225	
1.42	-4.16856	0.664952	-1.66723	-1.20333	-0.388294	-0.22369	-0.0303152	-0.0422149	0.408549	0.0421245	-0.0286624	-0.0390771	4.02659	1.91648	2.14459	-0.589882	-0.0915624	2.02531	
1.43	-0.0765224	0.434053	-0.197006	0.301744	0.233117	-0.0279123	-0.0432275	0.030675	-2.04337	-4.80483	3.48233	-0.224812	2.2523	-0.150847	0.255531	-0.0275	-1.74044	-3.38033	
1.44	-2.39501	0.458997	-1.17796	1.14856	-0.493284	-0.130518	-0.0109853	-0.061624	0.245308	-0.145199	0.00301867	-0.0205794	3.04318	-0.133979	0.464401	-0.182162	-0.0870267	-0.725255	
1.45	-1.48076	0.539734	-1.0354	1.63928	-0.414762	-0.0935007	-0.0110454	-0.0495819	-0.344397	-0.331202	0.288019	0.199579	2.51927	-0.857708	-0.190748	0.137647	-0.556077	-2.14961	
1.46	-4.09765	0.743567	-1.69831	-1.01376	-0.40529	-0.225082	-0.0284983	-0.0343621	0.406934	0.0452573	-0.0326942	-0.0383407	4.03003	1.66336	1.97997	-0.680679	-0.229268	1.73437	
1.47	-4.02829	0.751698	-1.67984	-0.959242	-0.390116	-0.233417	-0.029839	-0.0323743	0.417186	0.0494284	-0.0348989	-0.0395359	3.9269	1.65438	1.96038	-0.657791	-0.231202	1.71367	
1.48	-4.01566	0.76443	-1.68029	-0.908554	-0.390702	-0.234891	-0.0294738	-0.0311838	0.427261	0.0530526	-0.0370951	-0.0399886	3.91185	1.61471	1.93418	-0.668688	-0.253316	1.66032	
1.49	-0.914863	0.856149	-1.03834	1.45569	-0.24801	-0.107845	-0.020391	-0.0352439	-1.39124	-0.669352	0.917924	0.917388	3.15508	-0.425534	0.237089	-1.14502	-1.14774	-1.93746	
1.5	-3.80721	1.41463	-2.13568	-0.730389	-0.396192	-0.222291	-0.0265022	-0.0308908	0.226624	-0.109952	0.058535	0.0191079	3.97779	1.40902	1.78853	-0.785596	-1.18498	1.11658	
1.51	-3.96654	1.4357	-2.15454	-0.931044	-0.371751	-0.240146	-0.0293754	-0.0264571	0.407849	-0.0183919	-0.0302377	-0.0424633	3.80657	1.70578	1.98933	-0.652976	-1.18127	1.34445	
1.52	-3.99483	1.45491	-2.17012	-0.895728	-0.380648	-0.238529	-0.0281517	-0.0266187	0.417463	-0.0174882	-0.0318392	-0.042617	3.8481	1.64785	1.95866	-0.681657	-1.21087	1.30294	
1.53	-3.7368	-0.25956	-0.611473	-0.677905	-0.370119	-0.23285	-0.0266368	-0.0233671	0.466493	0.215311	-0.0665497	-0.0279539	3.68459	1.16012	1.58338	-0.796333	1.15059	1.93482	
1.54	-3.71307	-0.292513	-0.574101	-0.642001	-0.365158	-0.230137	-0.025897	-0.0223741	0.476521	0.22127	-0.0691581	-0.0270354	3.64634	1.10467	1.5384	-0.799804	1.18244	1.8927	
1.55	-3.70448	-0.286487	-0.57218	-0.629567	-0.360512	-0.22761	-0.0252374	-0.0213573	0.484767	0.223073	-0.0710185	-0.0263311	3.61839	1.06897	1.50964	-0.80025	1.16226	1.85232	
1.56	-3.70577	-0.252416	-0.595123	-0.626527	-0.355661	-0.225514	-0.0246736	-0.0203665	0.491709	0.223199	-0.0723816	-0.0256646	3.59719	1.04036	1.48719	-0.800044	1.10244	1.80115	
1.57	-3.69252	-0.273536	-0.570112	-0.607163	-0.349257	-0.22227	-0.0240129	-0.019538	0.500597	0.227546	-0.0742245	-0.0244105	3.56482	0.997673	1.45221	-0.800398	1.11893	1.76734	
1.58	-3.68305	-0.27301	-0.563704	-0.59922	-0.341944	-0.219275	-0.0234764	-0.0186712	0.507883	0.229697	-0.0754714	-0.0232372	3.53279	0.966895	1.42592	-0.797415	1.10674	1.73374	
1.59	-3.67078	-0.276157	-0.553803	-0.592846	-0.333858	-0.216225	-0.0229908	-0.0178231	0.514308	0.231878	-0.0764349	-0.0219271	3.49786	0.936898	1.39954	-0.793176	1.10001	1.70341	
1.6	-3.65884	-0.279738	-0.543701	-0.590146	-0.325173	-0.213264	-0.0225743	-0.0169694	0.5201	0.234043	-0.0771382	-0.0205555	3.46223	0.909786	1.37506	-0.787542	1.09475	1.67685	
1.61	-3.6634	-0.174595	-0.623047	-0.583097	-0.312578	-0.207905	-0.0221144	-0.0160319	0.529967	0.236647	-0.0780642	-0.0189987	3.41121	0.968344	1.41348	-0.759349	0.917949	1.56929	
1.62	-3.67426	-0.349055	-0.479626	-0.659992	-0.30367	-0.208969	-0.0219864	-0.0152342	0.523047	0.24303	-0.0777789	-0.0168854	3.4803	0.845426	1.35014	-0.906525	1.2161	1.84416	
1.63	-3.65095	-0.0134445	-0.742626	-0.580689	-0.272949	-0.197876	-0.0221506	-0.0138653	0.556712	0.238203	-0.0793079	-0.0162338	3.35448	1.01309	1.45732	-0.825768	0.65966	1.47982	
1.64	-3.6266	-0.253136	-0.570304	-0.667578	-0.278265	-0.202681	-0.0218397	-0.0131263	0.526406	0.240532	-0.0765508	-0.0145348	3.35953	0.846085	1.33311	-0.843615	1.04795	1.69982	
1.65	-3.70172	-0.357032	-0.501911	-0.69758	-0.278576	-0.203317	-0.0215115	-0.0125699	0.538883	0.246131	-0.0772137	-0.0133637	3.41742	0.803492	1.31582	-0.867095	1.20418	1.77523	
1.66	-3.68666	-0.347377	-0.506815	-0.722567	-0.268895	-0.202007	-0.0215148	-0.0113364	0.5346	0.24638	-0.0761088	-0.0122392	3.37788	0.807275	1.31374	-0.847999	1.18604	1.76675	
1.67	-3.66983	-0.331717	-0.51639	-0.749903	-0.258409	-0.201612	-0.021712	-0.0100137	0.529074	0.245561	-0.0747427	-0.0113703	3.33494	0.81779	1.3158	-0.825306	1.16193	1.76016	
1.68	-4.10946	-0.245594	-0.634058	-0.975884	-0.233659	-0.195813	-0.0218022	-0.00440787	0.606929	0.25666	-0.0800429	-0.015678	3.55681	0.887297	1.41065	-0.880748	1.06104	1.82817	
1.69	-4.70321	-1.46741	0.280426	-2.98127	3.80467	3.05737	1.38922	1.04795	0.202802	0.556969	-0.0805004	-0.00797768	-0.215308	-0.254518	-0.00334113	-0.00217773	-1.47778	0.108822	
1.7	-3.20857	-0.0122041	-0.584595	-1.54912	2.52041	2.25689	1.02507	0.906803	0.56339	0.32551	-0.0849408	-8.4809e-05	-0.353716	-0.015487	-0.00324065	0.00205353	-2.98876	-1.92178	
1.71	-3.33977	-0.956345	0.123209	-2.05199	2.4564	1.89698	0.854256	1.13975	0.36753	0.377592	-0.0734394	-0.00234596	-0.104874	-0.115801	-0.00166043	-0.000828454	-0.734851	-0.178413	
1.72	-1.13858	-1.16008	0.644389	-0.238528	0.187947	-0.0476477	-0.0165666	0.0185851	0.49998	0.268324	-0.0731315	0.00179642	0.121735	0.0605934	0.0028744	-8.60083e-05	1.71167	0.689607	
1.73	-5.44001	-3.21497	1.57558	-2.20255	6.87676	3.60636	0.784992	1.10783	-0.27996	0.655485	-0.0443012	0.0483573	-0.823844	-0.39198	-0.00666807	0.00501151	0.436312	0.904957	
1.74	-1.81198	-1.84434	1.02737	-0.428632	1.60486	0.617842	0.0684228	-0.0541071	0.466751	0.285099	-0.0658033	-0.00147081	-0.14708	-0.0294362	-0.000412613	0.000451537	1.97068	1.30385	
1.75	-2.92854	-0.914357	0.178736	-1.27064	2.13275	1.16089	0.304338	0.875431	0.45331	0.286777	-0.0650043	0.00581133	-0.131455	-0.00516618	0.000391353	0.00134858	0.00569281	-0.225053	
1.76	-9.9519	3.5337	-4.48252	-2.66934	-0.960405	0.21879	0.0603986	-0.0171455	1.0346	0.13491	-0.0814448	-0.05027	9.31681	-0.773929	1.09637	-2.26547	-4.86041	-1.43452	
1.77	-3.52405	-0.156159	-0.532415	-0.523288	-0.259861	0.095711	0.0235668	-0.0066	0.594842	0.167045	-0.0596406	0.00154201	3.11516	-0.83411	-0.0870988	-1.07935	0.014101	-0.331753	
1.78	-3.52095	-0.109723	-0.561356	-0.568699	-0.264115	0.106109	0.0250286	-0.00647858	0.572037	0.161757	-0.0571923	0.00160284	3.13632	-0.85741	-0.0931536	-1.08636	-0.063723	-0.359052	
1.79	-3.74521	0.131183	-0.770656	-0.662049	-0.258135	0.073685	0.0192808	-0.00708276	0.583666	0.154905	-0.0562802	-0.00356878	3.32548	-0.594124	0.177966	-1.10358	-0.263272	-0.170621	
1.8	-2.69699	-1.43865	0.512755	-0.208343	-0.176703	-0.052334	-0.00337144	-0.00833051	0.584657	0.158012	-0.0562038	-0.00962766	1.95445	-0.342997	0.161589	0.247352	2.00461	0.240306	
1.81	-2.64439	-1.59355	0.618323	-0.232216	-0.180608	-0.0345982	-0.000675749	-0.00686325	0.575382	0.153709	-0.0546531	-0.0102954	1.84191	-0.463486	0.0442294	0.417483	2.13882	0.0969984	
1.82	-4.69055	-1.84138	0.492819	-2.80871	3.42515	1.55467	0.189277	1.57895	0.378643	0.356614	-0.0602779	-0.00167152	0.11129	-0.387952	-0.128142	0.687823	1.24134	0.272028	
1.83	-2.6621	-2.36416	1.14637	-0.555348	0.791084	0.353098	0.0196669	0.0325338	0.495442	0.221959	-0.0542739	-0.00696132	0.829984	-0.351051	-0.00711928	0.907947	2.70252	0.370888	
1.84	-2.44219	-1.8936	0.849442	-0.371451	0.852554	0.347183	-0.0334021	-0.252833	0.465267	0.219343	-0.0514219	-0.00579565	0.615963	-0.240013	0.0163549	0.70363	1.93502	0.235927	
1.85	-2.61079	-2.13502	0.970471	-0.495858	0.852284	0.362056	-0.011402	-0.125258	0.482504	0.210492	-0.0508113	-0.00726442	0.757136	-0.278201	0.0364263	0.812373	2.27628	0.278624	
1.86	-2.56093	-1.92392	0.818459	-0.393483	0.646693	0.262954	-0.0496805	-0.359963	0.484374	0.205835	-0.0502203	-0.00861838	0.909585	-0.271592	0.0637807	0.702535	2.01365	0.249005	
1.87	-2.56131	-1.9146	0.7998	-0.415003	0.662339	0.271989	-0.0496716	-0.367896	0.48203	0.199183	-0.0488034	-0.00887527	0.897991	-0.257225	0.0753725	0.687166	1.96344	0.233828	
1.88	-2.62768	-1.99785	0.830594	-0.474681	0.606319	0.259142	-0.0444441	-0.3559	0.479725	0.192081	-0.0473204	-0.00901214	1.05094	-0.303989	0.0773629	0.642211	2.08157	0.287532	
1.89	-2.52043	-1.91004	0.777866	-0.475299	0.738469	0.302699	-0.0524707	-0.39526	0.470572	0.187329	-0.0457816	-0.00897197	0.831821	-0.241653	0.0775057	0.594117	1.88044	0.295074	
1.9	-2.56491	-1.91944	0.76149	-0.499796	0.704014	0.301169	-0.0450757	-0.392867	0.474953	0.178302	-0.0445713	-0.00964257	0.908235	-0.249782	0.0925281	0.582767	1.86489	0.259463	
1.91	-2.56935	-1.90976	0.7397	-0.520833	0.709748	0.310761	-0.0413503	-0.399763	0.473407	0.170939	-0.0432051	-0.00997666	0.913872	-0.242765	0.10212	0.560141	1.80937	0.237654	
1.92	-2.62469	-2.20441	0.898789	-0.686846	0.921396	0.341023	-0.0758378	-0.454604	0.461577	0.191251	-0.0439244	-0.00891535	0.847379	-0.282955	0.0737551	0.462576	2.18588	0.64647	
1.93	-2.61894	-1.9329	0.716226	-0.602687	0.674665	0.309836	-0.0287694	-0.412113	0.4708	0.153151	-0.0401832	-0.0102737	1.13009	-0.34171	0.085245	0.312105	1.82529	0.399966	
