0	-nan	-nan	-nan	
0.01	6.55576e-06	0.299801	-3.76427e-06	
0.02	3.19344e-05	0.29818	-1.85318e-05	
0.03	7.52485e-05	0.295128	-4.39917e-05	
0.04	0.000135711	0.290634	-7.99818e-05	
0.05	0.000212455	0.284689	-0.000126391	
0.06	0.00029804	0.277246	-0.000179148	
0.07	0.000486068	0.268234	-0.000402883	
0.08	-3.20563e-05	0.257006	-0.000560213	
0.09	-0.00197004	0.252559	0.000833365	
0.1	-0.00256555	0.255633	0.00116718	
0.11	-0.00223043	0.262172	0.0013057	
0.12	-0.00184955	0.267596	0.00137246	
0.13	-0.00148534	0.271624	0.00143999	
0.14	-0.00113449	0.27426	0.00150841	
0.15	-0.000717812	0.275773	0.00158398	
0.16	3.92872e-05	0.27699	0.00161704	
0.17	0.00143842	0.279076	0.00314959	
0.18	0.00359244	0.281735	0.00556252	
0.19	0.00650264	0.284909	0.0086219	
0.2	0.00961429	0.287212	0.0118563	
0.21	0.0130899	0.289055	0.0151736	
0.22	0.017727	0.29053	0.0181916	
0.23	0.0228429	0.291434	0.0211077	
0.24	0.0283697	0.291698	0.0240399	
0.25	0.0343851	0.291474	0.0270682	
0.26	0.0405061	0.290429	0.0299449	
0.27	0.0463804	0.288029	0.0325699	
0.28	0.0525318	0.284063	0.0348853	
0.29	0.0585977	0.279416	0.0367779	
0.3	0.0646237	0.27387	0.0383889	
0.31	0.0705813	0.267354	0.0397419	
0.32	0.0762447	0.259877	0.0408576	
0.33	0.0814592	0.251603	0.0419308	
0.34	0.0863576	0.243372	0.0428132	
0.35	0.0909999	0.24015	0.0420556	
0.36	0.0953111	0.238823	0.0413491	
0.37	0.0993865	0.237574	0.0407968	
0.38	0.102932	0.237096	0.0403971	
0.39	0.1062	0.237352	0.0404041	
0.4	0.109398	0.237776	0.0406329	
0.41	0.112607	0.238322	0.0409598	
0.42	0.115841	0.238998	0.0413973	
0.43	0.119103	0.239776	0.0419319	
0.44	0.122379	0.240657	0.0425538	
0.45	0.125707	0.241367	0.043254	
0.46	0.12928	0.24189	0.0438741	
0.47	0.132996	0.242259	0.0445148	
0.48	0.136766	0.242616	0.0452016	
0.49	0.140555	0.242959	0.0459706	
0.5	0.144367	0.24327	0.0468155	
0.51	0.148211	0.243513	0.0476751	
0.52	0.152022	0.243343	0.0483782	
0.53	0.155958	0.243476	0.0491962	
0.54	0.159961	0.24349	0.0500115	
0.55	0.163995	0.243298	0.050763	
0.56	0.168069	0.242898	0.0514528	
0.57	0.172195	0.242278	0.052079	
0.58	0.176377	0.241419	0.0526366	
0.59	0.180621	0.240299	0.0531159	
0.6	0.184927	0.238893	0.0535084	
0.61	0.188882	0.238765	0.0527303	
0.62	0.192773	0.238751	0.0518438	
0.63	0.196771	0.239034	0.0514226	
0.64	0.200655	0.239415	0.0511438	
0.65	0.204368	0.239891	0.0505689	
0.66	0.207978	0.240499	0.0499546	
0.67	0.211571	0.241046	0.0495792	
0.68	0.215096	0.241571	0.0493318	
0.69	0.218243	0.242679	0.0491273	
0.7	0.221329	0.24381	0.0491809	
0.71	0.22431	0.244899	0.0494312	
0.72	0.22724	0.245906	0.0496478	
0.73	0.230239	0.246633	0.0498415	
0.74	0.232984	0.247619	0.0499455	
0.75	0.235661	0.248572	0.050098	
0.76	0.237439	0.24966	0.0502412	
0.77	0.237947	0.251003	0.0510711	
0.78	0.237767	0.25221	0.0525204	
0.79	0.237244	0.253154	0.0541835	
0.8	0.237427	0.254134	0.0556657	
0.81	0.238234	0.255142	0.0568125	
0.82	0.23929	0.255955	0.0578974	
0.83	0.240136	0.256644	0.0592462	
0.839999	0.241129	0.256893	0.0607329	
0.849999	0.242493	0.256114	0.0623975	
0.859999	0.244226	0.254331	0.064121	
0.869999	0.245791	0.255172	0.0656169	
0.879999	0.247302	0.256852	0.0668477	
0.889999	0.248864	0.258106	0.0678827	
0.899999	0.250716	0.258883	0.0688976	
0.909999	0.252833	0.25951	0.0697316	
0.919999	0.255159	0.260068	0.0703671	
0.929999	0.257592	0.260448	0.0707929	
0.939999	0.260106	0.259691	0.071187	
0.949999	0.262729	0.257653	0.0716183	
0.959999	0.265759	0.258031	0.0723109	
0.969999	0.268689	0.259601	0.0725252	
0.979999	0.271492	0.260934	0.0724805	
0.989999	0.2742	0.262025	0.0722027	
0.999999	0.276761	0.262492	0.0718184	
1.01	0.27939	0.26296	0.0715578	
1.02	0.282079	0.26355	0.0713913	
1.03	0.284831	0.264176	0.0712875	
1.04	0.287748	0.265029	0.0711188	
1.05	0.290882	0.266054	0.0708468	
1.06	0.294066	0.26693	0.0706391	
1.07	0.297335	0.267425	0.0703569	
1.08	0.300507	0.267041	0.0699434	
1.09	0.303916	0.267962	0.069734	
1.1	0.307335	0.268818	0.0694951	
1.11	0.310763	0.269479	0.0692726	
1.12	0.314271	0.270159	0.0690252	
1.13	0.31782	0.270875	0.0687308	
1.14	0.321431	0.27163	0.068399	
1.15	0.325102	0.272395	0.0680557	
1.16	0.328822	0.27315	0.0677168	
1.17	0.332537	0.273866	0.0674019	
1.18	0.336251	0.27452	0.0671251	
1.19	0.339976	0.275086	0.0668995	
1.2	0.343719	0.275543	0.0667353	
1.21	0.347489	0.275868	0.0666445	
1.22	0.351296	0.27604	0.0666416	
1.23	0.35514	0.276033	0.0667397	
1.24	0.35904	0.275825	0.0669507	
1.25	0.363003	0.275378	0.0672865	
1.26	0.367031	0.274676	0.0677534	
1.27	0.371131	0.273699	0.0683569	
1.28	0.375306	0.272409	0.0691034	
1.29	0.37956	0.270796	0.0699982	
1.3	0.38389	0.268826	0.0710132	
1.31	0.388284	0.266445	0.0721263	
1.32	0.39275	0.263597	0.0732928	
1.33	0.397289	0.260253	0.0745076	
1.34	0.40189	0.256383	0.0757652	
1.35	0.406253	0.252986	0.0767995	
1.36	0.409442	0.253529	0.0768172	
1.37	0.412354	0.254012	0.0767513	
1.38	0.414952	0.25465	0.0767517	
1.39	0.417318	0.255203	0.0768516	
1.4	0.419379	0.255717	0.0770257	
1.41	0.421377	0.256272	0.0773989	
1.42	0.423402	0.256809	0.0778915	
1.43	0.425434	0.257226	0.0782139	
1.44	0.427512	0.257485	0.0782624	
1.45	0.429598	0.257599	0.0781847	
1.46	0.431652	0.257584	0.0780917	
1.47	0.433666	0.257454	0.077991	
1.48	0.435643	0.257213	0.0778858	
1.49	0.437605	0.256863	0.077767	
1.5	0.439557	0.256412	0.0776433	
1.51	0.441465	0.255839	0.0775011	
1.52	0.443317	0.255131	0.0773466	
1.53	0.44524	0.254282	0.0771926	
1.54	0.447184	0.25319	0.0769772	
1.55	0.448988	0.251535	0.0767269	
1.56	0.450341	0.250811	0.0763165	
1.57	0.452324	0.250956	0.0764995	
1.58	0.454835	0.251428	0.076921	
1.59	0.457535	0.251828	0.0773835	
1.6	0.460392	0.252162	0.0778806	
1.61	0.463394	0.252459	0.0784128	
1.62	0.466529	0.252721	0.0789619	
1.63	0.469769	0.252948	0.0795441	
1.64	0.472738	0.253362	0.0801477	
1.65	0.474812	0.253919	0.0808347	
1.66	0.476907	0.253974	0.081572	
1.67	0.479348	0.253885	0.0826013	
1.68	0.482121	0.25378	0.0837668	
1.69	0.485227	0.253883	0.0847752	
1.7	0.488562	0.254039	0.0857215	
1.71	0.492033	0.2543	0.0866797	
1.72	0.495537	0.254524	0.0876502	
1.73	0.499081	0.254813	0.0886031	
1.74	0.50266	0.255173	0.0895007	
1.75	0.50627	0.25557	0.0903414	
1.76	0.509913	0.255972	0.0911294	
1.77	0.513598	0.256356	0.0918716	
1.78	0.51733	0.256687	0.0925766	
1.79	0.521113	0.25693	0.0932536	
1.8	0.524964	0.257063	0.093904	
1.81	0.52889	0.257042	0.0945429	
1.82	0.532889	0.256821	0.0951747	
1.83	0.536977	0.256385	0.0957999	
1.84	0.541156	0.255697	0.0964309	
1.85	0.545427	0.254737	0.0969869	
1.86	0.549782	0.253489	0.0974458	
1.87	0.554216	0.251921	0.0978058	
1.88	0.55873	0.250004	0.0980662	
1.89	0.563114	0.248229	0.0981921	
1.9	0.566271	0.248889	0.0976721	
1.91	0.568867	0.249892	0.0972073	
1.92	0.570993	0.250974	0.0966242	
1.93	0.572786	0.251986	0.0959641	
1.94	0.574768	0.253078	0.0955959	
1.95	0.577344	0.254128	0.0957696	
1.96	0.580159	0.25487	0.0960131	
1.97	0.582752	0.255719	0.0960753	
1.98	0.585253	0.256522	0.0960117	
1.99	0.587728	0.257266	0.0958997	
2	0.590194	0.257954	0.0957171	
2.01	0.592652	0.258588	0.0954361	
2.02	0.595085	0.259167	0.0950505	
2.03	0.597469	0.259671	0.0945908	
2.04	0.599781	0.260072	0.094122	
2.05	0.602035	0.260367	0.0937115	
2.06	0.604311	0.260575	0.0934472	
2.07	0.606635	0.260684	0.0933263	
2.08	0.609003	0.260686	0.0933325	
2.09	0.611401	0.260581	0.0934507	
2.1	0.613784	0.260368	0.0936391	
2.11	0.616093	0.260033	0.0938386	
2.12	0.61829	0.259589	0.0940265	
2.13	0.620341	0.259029	0.0942102	
2.14	0.622184	0.258319	0.0944473	
2.15	0.62376	0.257457	0.0947972	
2.16	0.624997	0.256454	0.0952864	
2.17	0.625834	0.255327	0.0958404	
2.18	0.626278	0.254118	0.0963964	
2.19	0.626303	0.252882	0.0968751	
2.2	0.625892	0.251625	0.0972771	
2.21	0.626786	0.251369	0.0975831	
2.22	0.628847	0.251825	0.0978369	
2.23	0.631478	0.252269	0.0978746	
2.24	0.634467	0.252793	0.0979059	
2.25	0.637641	0.253407	0.0980652	
2.26	0.640949	0.254101	0.0982298	
2.27	0.644304	0.254671	0.0982914	
2.28	0.647672	0.255632	0.0983032	
2.29	0.651007	0.256779	0.0981801	
2.3	0.654307	0.258117	0.0979294	
2.31	0.657565	0.259648	0.097555	
2.32	0.660776	0.261369	0.097063	
2.33	0.663942	0.263275	0.096457	
2.34	0.667061	0.265344	0.0957487	
2.35	0.670137	0.267556	0.0949491	
2.36	0.673148	0.269841	0.094097	
2.37	0.676008	0.271883	0.0933329	
2.38	0.6788	0.273822	0.0925784	
2.39	0.681554	0.275262	0.0917653	
2.4	0.684416	0.276506	0.0910166	
2.41	0.687298	0.276783	0.0898247	
2.42	0.690104	0.276568	0.0883405	
2.43	0.693032	0.275767	0.0866218	
2.44	0.696045	0.274468	0.0847767	
2.45	0.699238	0.272837	0.0830525	
2.46	0.702555	0.270736	0.0813771	
2.47	0.706178	0.268685	0.0802682	
2.48	0.710056	0.266398	0.0795429	
2.49	0.714282	0.263992	0.0793947	
2.5	0.718683	0.260683	0.0794049	
2.51	0.722966	0.259978	0.0799648	
2.52	0.726993	0.259348	0.0806391	
2.53	0.730942	0.257836	0.0814083	
2.54	0.734886	0.25765	0.0823501	
2.55	0.738792	0.257674	0.0831629	
2.56	0.742484	0.257692	0.0837072	
2.57	0.74599	0.257635	0.0840463	
2.58	0.749399	0.257612	0.0843828	
2.59	0.752685	0.257728	0.0847117	
2.6	0.755871	0.258027	0.0850403	
2.61	0.758937	0.258453	0.0853265	
2.62	0.761964	0.258889	0.0855695	
2.63	0.764963	0.25933	0.0857689	
2.64	0.767922	0.259812	0.0859171	
2.65	0.770846	0.260299	0.0860256	
2.66	0.773732	0.260779	0.0860973	
2.67	0.776423	0.261306	0.0861466	
2.68	0.779049	0.26178	0.0861496	
2.69	0.781622	0.262179	0.0860991	
2.7	0.78412	0.262458	0.0860006	
2.71	0.78657	0.262605	0.0858632	
2.72	0.788976	0.262633	0.0856955	
2.73	0.791265	0.262581	0.0855778	
2.74	0.793598	0.262388	0.0853816	
2.75	0.795813	0.262109	0.0851967	
2.76	0.797886	0.261714	0.0850083	
2.77	0.799801	0.261207	0.0847976	
2.78	0.801512	0.260562	0.0845308	
2.79	0.802997	0.259778	0.0842017	
2.8	0.804534	0.258912	0.0838374	
2.81	0.80592	0.258055	0.0834375	
2.82	0.807233	0.257256	0.0830392	
2.83	0.808571	0.256519	0.0826969	
2.84	0.809713	0.255843	0.0823954	
2.85	0.810783	0.255388	0.0821971	
2.86	0.812409	0.255957	0.0820071	
2.87	0.814456	0.256752	0.0817858	
2.88	0.8169	0.25763	0.0815377	
2.89	0.819766	0.258652	0.0812959	
2.9	0.822962	0.259755	0.0812095	
2.91	0.826324	0.260949	0.0811421	
2.92	0.829776	0.262155	0.0810204	
2.93	0.833292	0.263279	0.0808961	
2.94	0.836898	0.264417	0.0807156	
2.95	0.840549	0.265496	0.0805472	
2.96	0.844277	0.266531	0.0803292	
2.97	0.848065	0.267525	0.0800675	
2.98	0.851897	0.268473	0.0797871	
2.99	0.855726	0.269457	0.0794939	
3	0.859563	0.270399	0.0792023	
3.01	0.863377	0.271326	0.0789181	
3.02	0.867162	0.272267	0.0786396	
3.03	0.870964	0.27315	0.0783776	
3.04	0.874846	0.273677	0.078138	
3.05	0.878879	0.274069	0.0777569	
3.06	0.882958	0.274347	0.0772899	
3.07	0.887075	0.274485	0.0767799	
3.08	0.891251	0.27445	0.0762255	
3.09	0.895499	0.274203	0.0756184	
3.1	0.899829	0.273746	0.0749551	
3.11	0.904246	0.273004	0.074242	
3.12	0.908753	0.271937	0.073494	
3.13	0.913361	0.270551	0.0727006	
3.14	0.918071	0.268817	0.0718507	
3.15	0.922885	0.266708	0.0709524	
3.16	0.927797	0.264192	0.0700136	
3.17	0.932802	0.261234	0.0690402	
3.18	0.937893	0.257802	0.0680206	
3.19	0.943034	0.253852	0.06692	
3.2	0.947624	0.253129	0.0664045	
3.21	0.951957	0.253001	0.0658649	
3.22	0.955831	0.253098	0.065389	
3.23	0.959036	0.253475	0.06507	
3.24	0.961995	0.253883	0.0647914	
3.25	0.964866	0.254353	0.0644752	
3.26	0.967631	0.254831	0.0641177	
3.27	0.970288	0.255371	0.0637005	
3.28	0.972807	0.255864	0.0632739	
3.29	0.97517	0.256269	0.0628569	
3.3	0.977368	0.256629	0.0624408	
3.31	0.979565	0.25692	0.0621391	
3.32	0.981825	0.257108	0.0619977	
3.33	0.984164	0.25718	0.0620315	
3.34	0.986219	0.257503	0.0626974	
3.35	0.987829	0.258104	0.0640871	
3.36	0.98958	0.258672	0.0653734	
3.37	0.991487	0.259197	0.066481	
3.38	0.993514	0.2597	0.0673979	
3.39	0.995658	0.260186	0.0681364	
3.4	0.997923	0.260655	0.0687169	
3.41	1.00031	0.261106	0.0691549	
3.42	1.00279	0.261547	0.0694427	
3.43	1.00535	0.261988	0.0695784	
3.44	1.00798	0.262441	0.0695985	
3.45	1.01066	0.262915	0.0694664	
3.46	1.0134	0.263407	0.0692616	
3.47	1.01621	0.26391	0.0690109	
3.48	1.01912	0.26441	0.0687233	
3.49	1.02214	0.264954	0.0684142	
3.5	1.02524	0.265501	0.0680501	
3.51	1.02845	0.266132	0.0676917	
3.52	1.0318	0.266889	0.0673575	
3.53	1.03521	0.267614	0.06701	
3.54	1.03871	0.268341	0.066701	
3.55	1.04231	0.269051	0.0664334	
3.56	1.04602	0.269784	0.0662479	
3.57	1.04975	0.270664	0.0660887	
3.58	1.05341	0.271468	0.0658424	
3.59	1.05719	0.272235	0.0656621	
3.6	1.06096	0.273117	0.0654988	
3.61	1.06469	0.274054	0.0652844	
3.62	1.06848	0.274848	0.0651376	
3.63	1.07233	0.275518	0.0650358	
3.64	1.07624	0.276079	0.064974	
3.65	1.08015	0.27664	0.0649032	
3.66	1.08405	0.277188	0.0648352	
3.67	1.08798	0.27754	0.0648313	
3.68	1.09197	0.277813	0.0648516	
3.69	1.09597	0.27804	0.0648443	
3.7	1.09997	0.278158	0.0648013	
3.71	1.10402	0.278097	0.0647318	
3.72	1.10815	0.277835	0.0646427	
3.73	1.11234	0.277387	0.0645269	
3.74	1.11661	0.276697	0.0644515	
3.75	1.12095	0.27574	0.064512	
3.76	1.12535	0.274527	0.0647077	
3.77	1.12981	0.273036	0.0650372	
3.78	1.13434	0.271245	0.065509	
3.79	1.13894	0.269123	0.0661251	
3.8	1.1436	0.266642	0.0668858	
3.81	1.14831	0.26376	0.067797	
3.82	1.15303	0.260427	0.0689057	
3.83	1.15774	0.256599	0.0702431	
3.84	1.16242	0.252179	0.0717978	
3.85	1.16704	0.247157	0.0735603	
3.86	1.17159	0.241498	0.0755267	
3.87	1.17518	0.238254	0.0768697	
3.88	1.17706	0.241071	0.0766902	
3.89	1.179	0.24348	0.076519	
3.9	1.18092	0.24495	0.0765172	
3.91	1.18269	0.245928	0.0765474	
3.92	1.18415	0.246845	0.0766085	
3.93	1.18546	0.247691	0.076785	
3.94	1.18664	0.24845	0.0770785	
3.95	1.18767	0.249141	0.0774682	
3.96	1.18856	0.249534	0.0781639	
3.97	1.18947	0.249442	0.0790858	
3.98	1.19048	0.249216	0.0798087	
3.99	1.19154	0.248913	0.080249	
4	1.1926	0.248473	0.0804682	
4.01	1.19363	0.247871	0.0804349	
4.02	1.19457	0.247093	0.0802255	
4.03	1.19539	0.246005	0.0800488	
4.04	1.19675	0.246009	0.0801741	
4.05	1.19855	0.246247	0.0803312	
4.06	1.20068	0.246418	0.0804786	
4.07	1.20309	0.24657	0.0806456	
4.08	1.20569	0.246833	0.0808633	
4.09	1.20844	0.247095	0.0810903	
4.1	1.21134	0.247374	0.0813524	
4.11	1.21435	0.247575	0.0816175	
4.12	1.21752	0.247738	0.0819029	
4.13	1.22084	0.247923	0.0821841	
4.14	1.22425	0.248018	0.0825191	
4.15	1.22775	0.248048	0.0828693	
4.16	1.23133	0.248002	0.0832317	
4.17	1.23506	0.248075	0.0835474	
4.18	1.23884	0.248127	0.0838312	
4.19	1.24279	0.248333	0.0839294	
4.2	1.24657	0.248123	0.0843002	
4.21	1.25055	0.247986	0.0845557	
4.22	1.25469	0.247981	0.0845846	
4.23	1.25886	0.248047	0.0845346	
4.24	1.26301	0.248135	0.0844947	
4.25	1.26716	0.248167	0.0844523	
4.26	1.27131	0.248165	0.0843962	
4.27	1.27545	0.24812	0.0843351	
4.28	1.2796	0.248008	0.0842626	
4.29	1.28375	0.247805	0.0841732	
4.3	1.28791	0.247505	0.0840705	
4.31	1.29209	0.247103	0.0839636	
4.32	1.29635	0.246411	0.0838326	
4.33	1.30068	0.245381	0.0836713	
4.34	1.30508	0.244097	0.083456	
4.35	1.30933	0.24311	0.0831751	
4.36	1.31252	0.24409	0.082454	
4.37001	1.31529	0.245107	0.0817017	
4.38001	1.31759	0.246237	0.0809953	
4.39001	1.31948	0.247444	0.0803469	
4.40001	1.32102	0.248547	0.0797081	
4.41001	1.32313	0.250106	0.0794443	
4.42001	1.32579	0.251643	0.0796111	
4.43001	1.32874	0.252816	0.0799939	
4.44001	1.33175	0.253699	0.0802014	
4.45001	1.33442	0.25489	0.0802795	
4.46001	1.337	0.256074	0.0803163	
4.47001	1.33956	0.257196	0.0803316	
4.48001	1.34208	0.25822	0.0802657	
4.49001	1.34453	0.259162	0.08009	
4.50001	1.34692	0.260026	0.0797913	
4.51001	1.34923	0.260815	0.0793497	
4.52001	1.35148	0.261527	0.0787642	
4.53001	1.35363	0.26214	0.0780737	
4.54001	1.3558	0.262442	0.0773207	
4.55001	1.35796	0.262872	0.076778	
4.56001	1.36013	0.263209	0.0763477	
4.57001	1.36238	0.263404	0.0760438	
4.58001	1.36469	0.26347	0.0758559	
4.59001	1.36706	0.263416	0.0757694	
4.60001	1.36943	0.26326	0.0757582	
4.61001	1.37175	0.263006	0.075808	
4.62001	1.37405	0.262603	0.0758776	
4.63001	1.37619	0.262081	0.075953	
4.64001	1.37814	0.261391	0.0760744	
4.65001	1.37986	0.260526	0.076294	
4.66001	1.38182	0.259911	0.0765655	
4.67001	1.38429	0.260128	0.0768003	
4.68001	1.38681	0.260382	0.0769181	
4.69001	1.38943	0.260623	0.0769748	
4.70001	1.39215	0.260965	0.0769803	
4.71001	1.39496	0.261355	0.0769337	
4.72001	1.39786	0.261808	0.0768443	
4.73001	1.40084	0.262321	0.0767094	
4.74001	1.40385	0.262957	0.0765202	
4.75001	1.4069	0.263379	0.0761637	
4.76001	1.4099	0.26382	0.0758841	
4.77001	1.41299	0.264651	0.0757266	
4.78001	1.41616	0.265568	0.075431	
4.79001	1.4193	0.266502	0.0750075	
4.80001	1.42242	0.267426	0.0745022	
4.81002	1.42551	0.268395	0.073926	
4.82002	1.42856	0.269408	0.0732838	
4.83002	1.43158	0.270157	0.0726248	
4.84002	1.4347	0.27106	0.0719467	
4.85002	1.43779	0.271999	0.0712197	
4.86002	1.4409	0.272835	0.0705087	
4.87002	1.44404	0.273884	0.0698151	
4.88002	1.44715	0.275004	0.0690977	
4.89002	1.45024	0.276139	0.0683311	
4.90002	1.45329	0.277331	0.067566	
4.91002	1.45633	0.278543	0.0667983	
4.92002	1.45936	0.279728	0.0660365	
4.93002	1.4624	0.280929	0.0652976	
4.94002	1.46546	0.282101	0.064621	
4.95002	1.46856	0.283243	0.0640172	
4.96002	1.47171	0.284343	0.0634906	
4.97002	1.47493	0.285367	0.0630421	
4.98002	1.47809	0.285838	0.0622006	
4.99002	1.48116	0.284978	0.0608518	
5.00002	1.48445	0.28364	0.0597204	
5.01002	1.48819	0.282771	0.059423	
5.02002	1.49227	0.28184	0.0595429	
5.03002	1.49655	0.280663	0.0598179	
5.04002	1.501	0.279172	0.0602509	
5.05002	1.50562	0.277381	0.0608161	
5.06002	1.51036	0.275198	0.0615003	
5.07002	1.5152	0.272579	0.0623251	
5.08002	1.52014	0.269512	0.063282	
5.09002	1.52517	0.265962	0.0643749	
5.10002	1.53028	0.261887	0.0655958	
5.11002	1.53546	0.257244	0.0669352	
5.12002	1.54069	0.25199	0.0683818	
5.13002	1.54541	0.248262	0.069628	
5.14002	1.54909	0.248805	0.0701123	
5.15002	1.55243	0.249535	0.0704565	
5.16002	1.55548	0.250146	0.0708158	
5.17002	1.55806	0.250772	0.0712213	
5.18002	1.56041	0.25137	0.0715807	
5.19002	1.56295	0.251712	0.0717913	
5.20002	1.5654	0.25188	0.0719835	
5.21002	1.56778	0.25195	0.0721087	
5.22002	1.57014	0.251898	0.0721496	
5.23002	1.57246	0.251723	0.0721376	
5.24003	1.57472	0.251423	0.0720731	
5.25003	1.57688	0.251029	0.0719898	
5.26003	1.57888	0.250511	0.07185	
5.27003	1.58066	0.249864	0.0715737	
5.28003	1.58215	0.249103	0.0711312	
5.29003	1.58328	0.248272	0.0705781	
5.30003	1.58406	0.2474	0.0699665	
5.31003	1.58447	0.246477	0.0692591	
5.32003	1.58445	0.245571	0.0685585	
5.33003	1.58398	0.244734	0.0678327	
5.34003	1.58304	0.243955	0.0671626	
5.35003	1.58157	0.243362	0.0664751	
5.36003	1.57953	0.242811	0.065904	
5.37003	1.57685	0.242393	0.0654036	
5.38003	1.5738	0.242067	0.0650556	
5.39003	1.57035	0.241912	0.06479	
5.40003	1.56742	0.242258	0.0649028	
5.41003	1.56686	0.244112	0.0653749	
5.42003	1.56759	0.246382	0.0658801	
5.43003	1.56902	0.248339	0.0662693	
5.44003	1.57101	0.249919	0.066547	
5.45003	1.57396	0.251725	0.0668803	
5.46003	1.57736	0.253337	0.0671481	
5.47003	1.58094	0.254822	0.0673809	
5.48003	1.58456	0.256274	0.0676296	
5.49003	1.5881	0.256863	0.0677444	
5.50003	1.5919	0.25725	0.067834	
5.51003	1.59605	0.258246	0.0678614	
5.52003	1.60012	0.259064	0.0678011	
5.53003	1.60411	0.259695	0.0676731	
5.54003	1.60807	0.25973	0.067389	
5.55003	1.61194	0.25883	0.0670046	
5.56003	1.61573	0.25699	0.0665158	
5.57003	1.61944	0.254203	0.0659092	
5.58003	1.6239	0.251927	0.0655831	
5.59003	1.62979	0.252197	0.0659418	
5.60003	1.63598	0.253412	0.0662412	
5.61003	1.64216	0.25358	0.0664485	
5.62003	1.64819	0.252978	0.0664025	
5.63003	1.65384	0.25234	0.0660749	
5.64003	1.65908	0.252011	0.0656477	
5.65003	1.66395	0.251586	0.0650559	
5.66003	1.66839	0.251336	0.0644875	
5.67003	1.67248	0.250614	0.063698	
5.68004	1.67633	0.25029	0.0629859	
5.69004	1.67994	0.250101	0.0622921	
5.70004	1.68351	0.249696	0.0615159	
5.71004	1.68702	0.249373	0.0607403	
5.72004	1.69042	0.249189	0.0600179	
5.73004	1.69322	0.249765	0.0596616	
5.74004	1.69579	0.250299	0.0594531	
5.75004	1.69816	0.250963	0.0593437	
5.76004	1.70032	0.251679	0.0593583	
5.77004	1.70223	0.252554	0.0594359	
5.78004	1.70398	0.25307	0.059481	
5.79004	1.70568	0.253202	0.059585	
5.80004	1.70734	0.253845	0.059804	
5.81004	1.70913	0.25445	0.0601527	
5.82004	1.71105	0.255025	0.0606613	
5.83004	1.7131	0.255585	0.0613544	
5.84004	1.71531	0.256137	0.0622134	
5.85004	1.7177	0.256674	0.062942	
5.86004	1.72031	0.25715	0.0634987	
5.87004	1.72311	0.257561	0.0638854	
5.88004	1.72603	0.257824	0.0640842	
5.89004	1.72905	0.257896	0.0641112	
5.90004	1.73217	0.258431	0.0639924	
5.91004	1.73535	0.258899	0.0637658	
5.92004	1.7386	0.259328	0.0634381	
5.93004	1.74191	0.259751	0.063025	
5.94004	1.74531	0.260191	0.0625409	
5.95004	1.7488	0.260664	0.0620025	
5.96004	1.75237	0.261177	0.0614188	
5.97004	1.75605	0.261738	0.0608106	
5.98004	1.75982	0.26235	0.0601819	
5.99004	1.76364	0.263013	0.0595166	
6.00004	1.76749	0.263745	0.0587751	
6.01004	1.77135	0.264563	0.0579431	
6.02004	1.77519	0.265531	0.0569985	
6.03004	1.779	0.266609	0.0559576	
6.04004	1.78277	0.26773	0.0548949	
6.05004	1.78654	0.26881	0.0538887	
6.06004	1.79026	0.269997	0.0528108	
6.07004	1.79391	0.27126	0.0516582	
6.08004	1.79738	0.272358	0.0504702	
6.09004	1.80093	0.273442	0.0493429	
6.10004	1.80453	0.274403	0.048215	
6.11004	1.80816	0.275139	0.0470069	
6.12005	1.81195	0.275679	0.0457288	
6.13005	1.81591	0.276281	0.0444413	
6.14005	1.81987	0.276892	0.0430363	
6.15005	1.82385	0.277469	0.041585	
6.16005	1.82783	0.278035	0.0401387	
6.17005	1.83178	0.278536	0.0387214	
6.18005	1.83574	0.278949	0.0373445	
6.19005	1.83971	0.279248	0.0360166	
6.20005	1.84371	0.279407	0.0347501	
6.21005	1.84776	0.2794	0.0335571	
6.22005	1.85187	0.279193	0.03245	
6.23005	1.85592	0.278647	0.0314261	
6.24005	1.85964	0.277226	0.0303324	
6.25005	1.8636	0.27533	0.0293548	
6.26005	1.86808	0.273292	0.0286612	
6.27005	1.87293	0.270961	0.0281564	
6.28005	1.87791	0.268268	0.0277866	
6.29005	1.88294	0.265168	0.0275257	
6.30005	1.88805	0.261622	0.0273724	
6.31005	1.8932	0.25759	0.0273146	
6.32005	1.89841	0.253061	0.027319	
6.33005	1.90365	0.247973	0.0273356	
6.34005	1.90774	0.247116	0.0268627	
6.35005	1.91128	0.247955	0.0265921	
6.36005	1.91456	0.24864	0.0263206	
6.37005	1.91754	0.249255	0.0260662	
6.38005	1.92017	0.249851	0.0258508	
6.39005	1.92247	0.250448	0.0256353	
6.40005	1.92484	0.251058	0.0251154	
6.41005	1.92762	0.251558	0.0244373	
6.42005	1.93021	0.252092	0.023953	
6.43005	1.93271	0.252551	0.0235051	
6.44005	1.93512	0.252866	0.022974	
6.45005	1.93746	0.253022	0.0223379	
6.46005	1.93974	0.25302	0.0216192	
6.47005	1.94197	0.252875	0.0208081	
6.48005	1.94411	0.252566	0.0199281	
6.49005	1.94617	0.252105	0.018989	
6.50005	1.94817	0.25152	0.0180204	
6.51005	1.95006	0.250748	0.0170014	
6.52005	1.95182	0.24979	0.0159064	
6.53005	1.95347	0.248646	0.0147651	
6.54005	1.95497	0.247331	0.0135931	
6.55006	1.95671	0.246555	0.0125777	
6.56006	1.95901	0.246726	0.0118205	
6.57006	1.9616	0.247063	0.011124	
6.58006	1.96439	0.247473	0.0104685	
6.59006	1.96729	0.247844	0.0098099	
6.60006	1.97033	0.248243	0.0091733	
6.61006	1.97346	0.248678	0.00856916	
6.62006	1.97667	0.24915	0.00799999	
6.63006	1.97993	0.249666	0.00747234	
6.64006	1.98321	0.250312	0.00704111	
6.65006	1.98647	0.25109	0.00671131	
6.66006	1.98973	0.251925	0.0064223	
6.67006	1.99299	0.252868	0.00621265	
6.68006	1.99624	0.253921	0.00608643	
6.69006	1.99947	0.255113	0.00605864	
6.70006	2.00267	0.256452	0.00613351	
6.71006	2.00583	0.257952	0.0063009	
6.72006	2.00895	0.259573	0.00656189	
6.73006	2.01205	0.261279	0.00688963	
6.74006	2.01512	0.263026	0.00725479	
6.75006	2.01817	0.264843	0.00766896	
6.76006	2.02121	0.266713	0.00812404	
6.77006	2.02423	0.268606	0.00859839	
6.78006	2.02725	0.270502	0.00905998	
6.79006	2.0303	0.272409	0.00950803	
6.80006	2.03337	0.274245	0.00992687	
6.81006	2.03634	0.275746	0.0105441	
6.82006	2.03859	0.275457	0.0125327	
6.83006	2.04075	0.273707	0.0150471	
6.84006	2.04279	0.270525	0.0179955	
6.85006	2.0452	0.267999	0.0202164	
6.86006	2.04801	0.265659	0.0218206	
6.87006	2.05118	0.263404	0.0228117	
6.88006	2.05475	0.261323	0.0230484	
6.89006	2.05855	0.258824	0.0228685	
6.90006	2.06276	0.256231	0.021886	
6.91006	2.06733	0.253499	0.0203902	
6.92006	2.07153	0.252174	0.0193701	
6.93006	2.07487	0.253311	0.0193202	
6.94006	2.07797	0.254376	0.0191854	
6.95006	2.08081	0.255286	0.0189121	
6.96006	2.08352	0.25612	0.018546	
6.97006	2.08626	0.256798	0.0179983	
6.98006	2.0889	0.257437	0.0173581	
6.99007	2.09143	0.25806	0.0166359	
7.00007	2.09389	0.258664	0.0158429	
7.01007	2.0962	0.259268	0.0149517	
7.02007	2.0984	0.259869	0.0139657	
7.03007	2.10048	0.26044	0.0129324	
7.04007	2.10247	0.260951	0.0119446	
7.05007	2.10447	0.261305	0.0110545	
7.06007	2.1065	0.260968	0.009962	
7.07007	2.10862	0.259875	0.00868027	
7.08007	2.11082	0.258007	0.00721418	
7.09007	2.11287	0.25907	0.0069987	
7.10007	2.11464	0.260094	0.00684534	
7.11007	2.11635	0.260426	0.00665567	
7.12007	2.11808	0.260381	0.00648792	
7.13007	2.1198	0.260106	0.0063353	
7.14007	2.12154	0.259625	0.00619136	
7.15007	2.12328	0.258967	0.0060572	
7.16007	2.125	0.258162	0.00593331	
7.17007	2.12724	0.258277	0.0056906	
7.18007	2.12965	0.258658	0.00540257	
7.19007	2.13217	0.259272	0.00500522	
7.20007	2.13473	0.259843	0.00438192	
7.21007	2.13723	0.260395	0.00357866	
7.22007	2.13975	0.260967	0.00270714	
7.23007	2.14234	0.261557	0.00177232	
7.24007	2.14499	0.262151	0.000778926	
7.25007	2.14773	0.262755	-0.000274541	
7.26007	2.15053	0.263377	-0.00138877	
7.27007	2.15337	0.264024	-0.00256356	
7.28007	2.15625	0.264784	-0.00376645	
7.29007	2.15897	0.264977	-0.00511172	
7.30007	2.16183	0.265789	-0.00641216	
7.31007	2.1647	0.266637	-0.00778852	
7.32007	2.16754	0.267376	-0.00924801	
7.33007	2.17037	0.267946	-0.0107613	
7.34007	2.17326	0.26847	-0.0123038	
7.35007	2.17624	0.269181	-0.0138365	
7.36007	2.17927	0.270012	-0.0153329	
7.37007	2.18235	0.270967	-0.0167524	
7.38007	2.1855	0.272031	-0.0181077	
7.39007	2.18875	0.273215	-0.0193848	
7.40007	2.19209	0.274467	-0.0205823	
7.41007	2.19542	0.275678	-0.0218283	
7.42007	2.19876	0.276841	-0.0231492	
7.43008	2.20213	0.277919	-0.0245387	
7.44008	2.20553	0.278903	-0.0259364	
7.45008	2.20892	0.279436	-0.0273177	
7.46008	2.21253	0.279757	-0.0285824	
7.47008	2.21635	0.279897	-0.0297348	
7.48008	2.22028	0.279819	-0.0308006	
7.49008	2.22431	0.279516	-0.0317844	
7.50008	2.22844	0.278913	-0.0326872	
7.51008	2.23271	0.277993	-0.0334812	
7.52008	2.2371	0.276676	-0.0342431	
7.53008	2.24149	0.274261	-0.0350651	
7.54008	2.24592	0.27044	-0.0360042	
7.55008	2.25035	0.26519	-0.0370516	
7.56008	2.2548	0.258509	-0.0381922	
7.57008	2.25923	0.25038	-0.0394019	
7.58008	2.26448	0.245486	-0.0391935	
7.59008	2.26881	0.246067	-0.0393966	
7.60008	2.27215	0.249099	-0.0389579	
7.61008	2.27504	0.252809	-0.0388669	
7.62008	2.2779	0.255479	-0.0388399	
7.63008	2.28064	0.257447	-0.0390727	
7.64008	2.28334	0.259012	-0.0396175	
7.65008	2.28605	0.260351	-0.0402072	
7.66008	2.28873	0.26155	-0.0407421	
7.67008	2.29121	0.262698	-0.041268	
7.68008	2.29371	0.263496	-0.0417956	
7.69008	2.29641	0.263481	-0.0423863	
7.70008	2.29888	0.263992	-0.0431262	
7.71008	2.30093	0.26498	-0.0439931	
7.72008	2.30299	0.265575	-0.044905	
7.73008	2.30505	0.265881	-0.0458267	
7.74008	2.30713	0.265733	-0.0468064	
7.75008	2.30938	0.26468	-0.0479222	
7.76008	2.31159	0.263438	-0.0492792	
7.77008	2.31337	0.263851	-0.0507599	
7.78008	2.31511	0.26422	-0.051973	
7.79008	2.31721	0.264901	-0.0529579	
7.80008	2.31951	0.265482	-0.0538804	
7.81008	2.32201	0.266028	-0.0547674	
7.82008	2.32467	0.266608	-0.0556301	
7.83008	2.32748	0.26718	-0.0564504	
7.84008	2.3304	0.267759	-0.0572362	
7.85008	2.33343	0.268378	-0.0580015	
7.86009	2.3366	0.269036	-0.058745	
7.87009	2.33984	0.269735	-0.0594524	
7.88009	2.34313	0.270483	-0.0601172	
7.89009	2.34645	0.271296	-0.0607168	
7.90009	2.34978	0.272192	-0.0612541	
7.91009	2.35312	0.273169	-0.0617375	
7.92009	2.35656	0.274227	-0.0621858	
7.93009	2.35997	0.275344	-0.0626673	
7.94009	2.36341	0.276433	-0.0630736	
7.95009	2.36691	0.277596	-0.0634998	
7.96009	2.37042	0.27882	-0.0639539	
7.97009	2.37393	0.280086	-0.0644455	
7.98009	2.37746	0.281358	-0.0649418	
7.99009	2.38102	0.282667	-0.0654836	
8.00009	2.38457	0.284037	-0.0660929	
8.01009	2.3881	0.285428	-0.0667315	
8.02009	2.39162	0.286817	-0.067375	
8.03009	2.39514	0.288169	-0.0680168	
8.04009	2.39873	0.289298	-0.0685488	
8.05009	2.40231	0.290537	-0.0690926	
8.06009	2.4059	0.291395	-0.0695948	
8.07009	2.4096	0.292109	-0.0702007	
8.08009	2.41337	0.292458	-0.070891	
8.09009	2.41723	0.291537	-0.0715034	
8.10009	2.42108	0.290125	-0.0723773	
8.11009	2.42475	0.291346	-0.0741857	
8.12009	2.42851	0.291984	-0.0758993	
8.13009	2.43242	0.291833	-0.0775473	
8.14009	2.43649	0.290439	-0.0790911	
8.15009	2.44075	0.28766	-0.0804969	
8.16009	2.44519	0.283491	-0.0817798	
8.17009	2.4498	0.277918	-0.0829568	
8.18009	2.45455	0.270929	-0.0840371	
8.19009	2.4588	0.265306	-0.0861711	
8.20009	2.46328	0.263291	-0.089257	
8.21009	2.46793	0.260201	-0.0921433	
8.22009	2.47268	0.255723	-0.0949319	
8.23009	2.47751	0.249844	-0.097632	
8.24009	2.48238	0.24255	-0.100257	
8.25009	2.48691	0.233917	-0.102173	
8.26009	2.49037	0.227639	-0.103869	
8.27009	2.4923	0.229744	-0.105982	
8.28009	2.49384	0.234828	-0.108189	
8.29009	2.49536	0.238705	-0.110334	
8.30009	2.49704	0.241074	-0.112383	
8.31009	2.4988	0.241959	-0.114397	
8.3201	2.50066	0.241358	-0.116376	
8.3301	2.50272	0.239656	-0.118096	
8.3401	2.50489	0.240609	-0.119596	
8.3501	2.50718	0.242416	-0.120759	
8.3601	2.50957	0.243374	-0.12166	
8.3701	2.51201	0.243828	-0.12226	
8.3801	2.51445	0.244267	-0.122235	
8.3901	2.51691	0.244644	-0.121799	
8.4001	2.51951	0.244995	-0.121483	
8.4101	2.52222	0.245378	-0.121313	
8.4201	2.52504	0.245661	-0.12132	
8.4301	2.52802	0.246079	-0.121408	
8.4401	2.53101	0.246639	-0.121637	
8.4501	2.534	0.24732	-0.122002	
8.4601	2.53699	0.24812	-0.122481	
8.4701	2.53997	0.24905	-0.123064	
8.4801	2.54291	0.250127	-0.123753	
8.4901	2.54578	0.251385	-0.124527	
8.5001	2.5486	0.252821	-0.1254	
8.5101	2.55145	0.253697	-0.126407	
8.5201	2.55429	0.253096	-0.12766	
8.5301	2.55724	0.251866	-0.129074	
8.5401	2.56065	0.25116	-0.130329	
8.5501	2.56434	0.250787	-0.131434	
8.5601	2.56831	0.250682	-0.132281	
8.5701	2.57238	0.250803	-0.133012	
8.5801	2.57634	0.251063	-0.133795	
8.5901	2.58021	0.251448	-0.134631	
8.6001	2.584	0.25196	-0.135505	
8.6101	2.58778	0.252517	-0.136434	
8.6201	2.59152	0.253013	-0.137343	
8.6301	2.59522	0.253516	-0.138268	
8.6401	2.59891	0.254045	-0.139183	
8.6501	2.60257	0.254562	-0.140093	
8.6601	2.60624	0.255033	-0.140991	
8.6701	2.60992	0.255427	-0.141873	
8.6801	2.61363	0.255711	-0.142732	
8.6901	2.61737	0.255858	-0.143562	
8.7001	2.62116	0.255837	-0.144353	
8.7101	2.62501	0.25563	-0.145098	
8.7201	2.62893	0.255211	-0.145797	
8.7301	2.63293	0.254572	-0.146448	
8.7401	2.63701	0.25367	-0.147044	
8.7501	2.64119	0.252434	-0.147577	
8.76011	2.64533	0.251317	-0.147871	
8.77011	2.64869	0.252152	-0.147639	
8.78011	2.65164	0.252975	-0.147477	
8.79011	2.65425	0.253714	-0.147588	
8.80011	2.6572	0.254418	-0.148422	
8.81011	2.66035	0.25478	-0.149241	
8.82011	2.6636	0.254932	-0.149931	
8.83011	2.66662	0.255456	-0.150594	
8.84011	2.6697	0.255771	-0.151159	
8.85011	2.67271	0.256127	-0.151634	
8.86011	2.67569	0.25649	-0.152038	
8.87011	2.67862	0.256866	-0.152366	
8.88011	2.68152	0.257212	-0.152637	
8.89011	2.68439	0.257596	-0.152839	
8.90011	2.68723	0.258008	-0.153036	
8.91011	2.69004	0.258452	-0.153231	
8.92011	2.69262	0.25897	-0.15347	
8.93011	2.69521	0.259209	-0.153709	
8.94011	2.69766	0.259606	-0.154135	
8.95011	2.69997	0.259927	-0.154628	
8.96011	2.70221	0.260101	-0.155187	
8.97011	2.70443	0.260124	-0.155881	
8.98011	2.70661	0.260017	-0.156678	
8.99011	2.70873	0.259809	-0.157479	
9.00011	2.71075	0.259523	-0.158259	
9.01011	2.71257	0.259129	-0.159028	
9.02011	2.71426	0.258725	-0.159855	
9.03011	2.71649	0.259069	-0.160809	
9.04011	2.71873	0.259844	-0.161838	
9.05011	2.72113	0.260245	-0.162813	
9.06011	2.72365	0.260801	-0.163754	
9.07011	2.7263	0.261344	-0.164621	
9.08011	2.72914	0.261801	-0.165496	
9.09011	2.73223	0.262454	-0.166274	
9.10011	2.7354	0.262507	-0.167249	
9.11011	2.73877	0.26291	-0.168056	
9.12011	2.74235	0.264103	-0.168744	
9.13011	2.74599	0.265089	-0.169396	
9.14011	2.74966	0.266292	-0.170042	
9.15011	2.75333	0.267408	-0.170673	
9.16011	2.75697	0.268701	-0.171308	
9.17011	2.76057	0.269875	-0.171908	
9.18011	2.76419	0.271231	-0.17247	
9.19011	2.76786	0.272768	-0.172967	
9.20012	2.77152	0.274064	-0.173439	
9.21012	2.77514	0.275533	-0.173928	
9.22012	2.77877	0.276881	-0.174442	
9.23012	2.78241	0.277765	-0.174977	
9.24012	2.78625	0.278998	-0.175459	
9.25012	2.79014	0.280279	-0.176005	
9.26012	2.79398	0.280677	-0.176373	
9.27012	2.79782	0.279657	-0.176623	
9.28012	2.80187	0.277372	-0.176635	
9.29012	2.80601	0.273639	-0.176122	
9.30012	2.8103	0.268567	-0.175193	
9.31012	2.81427	0.266091	-0.175302	
9.32012	2.81814	0.266275	-0.176724	
9.33012	2.82213	0.265446	-0.178053	
9.34012	2.82625	0.263291	-0.17926	
9.35012	2.8305	0.259791	-0.180371	
9.36012	2.83486	0.254937	-0.18139	
9.37012	2.83901	0.253414	-0.184658	
9.38012	2.8432	0.254138	-0.18905	
9.39012	2.84745	0.25531	-0.193962	
9.40012	2.85181	0.25513	-0.198785	
9.41012	2.85628	0.253588	-0.20353	
9.42012	2.86045	0.252328	-0.208369	
9.43012	2.8643	0.251173	-0.213343	
9.44012	2.86803	0.249217	-0.21831	
9.45012	2.87139	0.246828	-0.223309	
9.46012	2.87344	0.24713	-0.227607	
9.47012	2.87494	0.248556	-0.23161	
9.48012	2.87614	0.249714	-0.235441	
9.49012	2.87708	0.250547	-0.239109	
9.50012	2.87866	0.251404	-0.242	
9.51012	2.88067	0.251924	-0.244374	
9.52012	2.88261	0.252537	-0.246426	
9.53012	2.88464	0.253142	-0.248121	
9.54012	2.88678	0.253693	-0.249437	
9.55012	2.88898	0.254209	-0.250384	
9.56012	2.8912	0.254585	-0.251208	
9.57012	2.89347	0.254828	-0.25194	
9.58012	2.8959	0.254908	-0.25259	
9.59012	2.89847	0.254864	-0.253195	
9.60012	2.90111	0.254695	-0.253757	
9.61012	2.90381	0.25441	-0.254285	
9.62012	2.90643	0.254078	-0.254761	
9.63013	2.90911	0.2536	-0.255185	
9.64013	2.91193	0.252903	-0.255545	
9.65013	2.91472	0.25203	-0.25577	
9.66013	2.9175	0.250928	-0.255824	
9.67013	2.9203	0.250993	-0.256059	
9.68013	2.92311	0.251443	-0.256443	
9.69013	2.9259	0.251811	-0.256989	
9.70013	2.92868	0.252106	-0.25771	
9.71013	2.93142	0.252359	-0.258606	
9.72013	2.93411	0.252587	-0.259664	
9.73013	2.93677	0.252802	-0.260879	
9.74013	2.93939	0.253008	-0.262236	
9.75013	2.94199	0.253272	-0.263709	
9.76013	2.94466	0.253796	-0.26517	
9.77013	2.9472	0.253432	-0.266794	
9.78013	2.94965	0.252458	-0.268557	
9.79013	2.95219	0.25354	-0.270143	
9.80013	2.9547	0.254659	-0.271835	
9.81013	2.95719	0.255744	-0.273619	
9.82013	2.95957	0.256735	-0.275501	
9.83013	2.96171	0.257062	-0.277646	
9.84013	2.96399	0.257393	-0.279791	
9.85013	2.96649	0.257991	-0.28186	
9.86013	2.96902	0.258106	-0.283992	
9.87013	2.97141	0.25735	-0.286198	
9.88013	2.97411	0.257959	-0.288281	
9.89013	2.97695	0.258582	-0.290388	
9.90013	2.97994	0.259146	-0.292433	
9.91013	2.98312	0.259739	-0.294383	
9.92013	2.98647	0.260355	-0.296237	
9.93013	2.98994	0.260939	-0.298014	
9.94013	2.99344	0.261423	-0.29975	
9.95013	2.997	0.261751	-0.301426	
9.96013	3.0006	0.261949	-0.303039	
9.97013	3.00425	0.261999	-0.304583	
9.98013	3.00797	0.26188	-0.30605	
9.99013	3.01175	0.261573	-0.307435	
10.0001	3.01561	0.261053	-0.30873	
10.0101	3.01956	0.260299	-0.309929	
10.0201	3.0236	0.259287	-0.311031	
10.0301	3.02773	0.257993	-0.312027	
10.0401	3.03199	0.256343	-0.312911	
10.0501	3.0364	0.254275	-0.313683	
10.0601	3.04089	0.251737	-0.314402	
10.0701	3.04555	0.248735	-0.315063	
10.0801	3.05032	0.245217	-0.315685	
10.0901	3.05519	0.241149	-0.316269	
10.1001	3.05945	0.238844	-0.317066	
10.1101	3.0625	0.239546	-0.318025	
10.1201	3.06522	0.240246	-0.31883	
10.1301	3.06768	0.240871	-0.319404	
10.1401	3.06989	0.241444	-0.319715	
10.1501	3.07197	0.242081	-0.319934	
10.1601	3.07446	0.242605	-0.320477	
10.1701	3.0769	0.242939	-0.321172	
10.1801	3.07921	0.243316	-0.321979	
10.1901	3.08145	0.243548	-0.322883	
10.2001	3.08362	0.243641	-0.323892	
10.2101	3.0858	0.24359	-0.325052	
10.2201	3.08795	0.243435	-0.32623	
10.2301	3.09002	0.243185	-0.327381	
10.2401	3.09197	0.242826	-0.328576	
10.2501	3.09378	0.242381	-0.329814	
10.2601	3.09536	0.24183	-0.331065	
10.2701	3.0968	0.241383	-0.332258	
10.2801	3.09867	0.24175	-0.333316	
10.2901	3.10064	0.242122	-0.334423	
10.3001	3.10277	0.242432	-0.3356	
10.3101	3.10505	0.242702	-0.336822	
10.3201	3.10746	0.243019	-0.338059	
10.3301	3.11	0.243544	-0.339153	
10.3401	3.11261	0.244286	-0.34011	
10.3501	3.11526	0.244685	-0.34074	
10.3601	3.11805	0.244728	-0.341808	
10.3701	3.12108	0.244803	-0.343105	
10.3801	3.12401	0.245137	-0.344232	
10.3901	3.12521	0.245931	-0.344632	
10.4001	3.12564	0.246492	-0.344735	
10.4101	3.12566	0.247413	-0.344367	
10.4201	3.1255	0.248505	-0.344051	
10.4301	3.12508	0.249643	-0.343924	
10.4401	3.12406	0.250609	-0.34433	
10.4501	3.1223	0.251629	-0.344878	
10.4601	3.12031	0.252581	-0.345903	
10.4701	3.1185	0.253395	-0.347062	
10.4801	3.11711	0.254003	-0.348305	
10.4901	3.11639	0.254803	-0.349421	
10.5001	3.11638	0.255936	-0.350347	
10.5101	3.11709	0.257404	-0.351059	
10.5201	3.11827	0.258675	-0.351825	
10.5301	3.12021	0.260469	-0.352475	
10.5401	3.12276	0.262398	-0.352993	
10.5501	3.1258	0.264322	-0.353349	
10.5601	3.12905	0.266082	-0.353632	
10.5701	3.13231	0.267701	-0.353966	
10.5801	3.13557	0.269198	-0.354363	
10.5901	3.13887	0.27051	-0.354873	
10.6001	3.14219	0.271622	-0.355514	
10.6101	3.14553	0.272521	-0.356285	
10.6201	3.14891	0.2732	-0.357196	
10.6301	3.15235	0.273621	-0.358266	
10.6401	3.15583	0.273778	-0.359495	
10.6501	3.15938	0.273653	-0.360895	
10.6601	3.16302	0.273186	-0.36249	
10.6701	3.16673	0.272371	-0.364273	
10.6801	3.17052	0.271189	-0.366241	
10.6901	3.17439	0.269614	-0.368392	
10.7001	3.17834	0.267622	-0.370734	
10.7101	3.18208	0.265756	-0.373287	
10.7201	3.18499	0.265818	-0.375736	
10.7302	3.18777	0.265466	-0.37795	
10.7402	3.19033	0.266045	-0.379628	
10.7502	3.19281	0.266578	-0.381015	
10.7602	3.19513	0.266997	-0.382448	
10.7702	3.19729	0.267397	-0.383966	
10.7802	3.19933	0.267784	-0.385508	
10.7902	3.20129	0.268143	-0.386981	
10.8002	3.20315	0.268611	-0.388183	
10.8102	3.20462	0.26973	-0.388757	
10.8202	3.20601	0.270916	-0.38901	
10.8302	3.20745	0.271963	-0.388993	
10.8402	3.20904	0.272025	-0.389144	
10.8502	3.21074	0.271362	-0.389566	
10.8602	3.21226	0.272567	-0.390031	
10.8702	3.21397	0.274315	-0.390446	
10.8802	3.21589	0.275702	-0.390838	
10.8902	3.21805	0.276853	-0.391172	
10.9002	3.22045	0.277887	-0.391427	
10.9102	3.22304	0.278856	-0.391655	
10.9202	3.22573	0.279753	-0.392039	
10.9302	3.22842	0.28062	-0.392603	
10.9402	3.23116	0.281472	-0.393316	
10.9502	3.23396	0.282327	-0.394155	
10.9602	3.23682	0.28319	-0.395103	
10.9702	3.23973	0.284064	-0.396145	
10.9802	3.24271	0.284949	-0.397275	
10.9902	3.24576	0.285836	-0.398479	
11.0002	3.24889	0.286733	-0.399741	
11.0102	3.25206	0.287496	-0.401085	
11.0202	3.25494	0.286959	-0.402684	
11.0302	3.25802	0.288016	-0.404278	
11.0402	3.26116	0.289586	-0.405856	
11.0502	3.2643	0.291138	-0.407472	
11.0602	3.2674	0.292509	-0.40915	
11.0702	3.27054	0.29379	-0.410873	
11.0802	3.27372	0.29507	-0.412653	
11.0902	3.27683	0.296469	-0.414563	
11.1002	3.27982	0.297976	-0.416634	
11.1102	3.28271	0.299584	-0.418803	
11.1202	3.2855	0.301289	-0.420994	
11.1302	3.2882	0.303071	-0.423195	
11.1402	3.29083	0.304913	-0.425401	
11.1502	3.29339	0.306803	-0.427612	
11.1602	3.29592	0.308739	-0.429821	
11.1702	3.29842	0.310657	-0.432009	
11.1802	3.30091	0.31254	-0.434171	
11.1902	3.30341	0.31437	-0.436296	
11.2002	3.30593	0.316136	-0.438378	
11.2102	3.3085	0.317821	-0.440418	
11.2202	3.31112	0.319407	-0.442403	
11.2302	3.31381	0.320873	-0.444325	
11.2402	3.31658	0.322211	-0.446175	
11.2502	3.31944	0.323408	-0.447948	
11.2602	3.32204	0.323962	-0.449819	
11.2702	3.32439	0.323314	-0.452043	
11.2802	3.32699	0.322235	-0.454325	
11.2902	3.32994	0.320938	-0.456499	
11.3002	3.33327	0.319527	-0.458458	
11.3102	3.33699	0.317975	-0.460194	
11.3202	3.3411	0.31627	-0.461688	
11.3302	3.34561	0.314369	-0.462954	
11.3402	3.3504	0.312135	-0.464105	
11.3502	3.35535	0.309465	-0.465245	
11.3602	3.36046	0.306321	-0.466381	
11.3702	3.36573	0.302666	-0.467512	
11.3802	3.37113	0.298464	-0.468635	
11.3902	3.37667	0.293682	-0.46975	
11.4002	3.38232	0.288282	-0.470857	
11.4102	3.38804	0.282207	-0.47197	
11.4202	3.39365	0.275387	-0.473074	
11.4302	3.39921	0.267755	-0.474227	
11.4402	3.40463	0.259224	-0.475502	
11.4502	3.40891	0.255246	-0.477643	
11.4602	3.4122	0.255191	-0.479302	
11.4702	3.41509	0.255512	-0.480631	
11.4802	3.41765	0.255583	-0.481761	
11.4902	3.42004	0.255472	-0.482948	
11.5002	3.42235	0.25525	-0.484177	
11.5102	3.42455	0.254902	-0.485319	
11.5202	3.42657	0.254511	-0.486354	
11.5302	3.42843	0.254113	-0.487221	
11.5402	3.43011	0.253727	-0.487933	
11.5502	3.43075	0.252701	-0.488619	
11.5602	3.43096	0.251588	-0.489773	
11.5702	3.43096	0.250612	-0.491074	
11.5802	3.43088	0.24898	-0.492355	
11.5902	3.43038	0.248148	-0.493516	
11.6002	3.42978	0.247091	-0.494704	
11.6102	3.42975	0.246631	-0.495951	
11.6202	3.43164	0.247902	-0.496882	
11.6302	3.43424	0.249643	-0.497543	
11.6402	3.43702	0.251514	-0.498056	
11.6502	3.43977	0.253172	-0.498441	
11.6602	3.44249	0.253149	-0.498359	
11.6702	3.44529	0.251825	-0.498047	
11.6802	3.44854	0.251506	-0.498383	
11.6902	3.45192	0.251791	-0.499427	
11.7002	3.45547	0.252322	-0.500784	
11.7102	3.45907	0.252904	-0.502071	
11.7202	3.4627	0.253574	-0.503275	
11.7302	3.46638	0.254322	-0.50441	
11.7402	3.47009	0.255124	-0.505488	
11.7502	3.47386	0.255964	-0.506517	
11.7602	3.47768	0.25681	-0.507521	
11.7702	3.48155	0.257639	-0.50851	
11.7802	3.48547	0.258426	-0.509503	
11.7902	3.48942	0.259143	-0.510516	
11.8002	3.49336	0.259762	-0.511572	
11.8102	3.49731	0.260243	-0.512693	
11.8202	3.50126	0.260561	-0.513894	
11.8302	3.50522	0.260696	-0.515183	
11.8402	3.50919	0.260636	-0.516573	
11.8502	3.51314	0.260346	-0.518085	
11.8602	3.51709	0.2598	-0.519728	
11.8702	3.52104	0.258973	-0.521514	
11.8802	3.52498	0.257838	-0.523448	
11.8902	3.5289	0.256369	-0.525541	
11.9002	3.53281	0.254557	-0.527801	
11.9102	3.53669	0.252374	-0.530231	
11.9202	3.54055	0.249698	-0.532845	
11.9302	3.5444	0.246527	-0.535606	
11.9402	3.54825	0.242834	-0.538477	
11.9502	3.55211	0.238581	-0.541448	
11.9602	3.55574	0.234417	-0.544262	
11.9702	3.55764	0.234397	-0.54606	
11.9802	3.55898	0.235171	-0.547394	
11.9902	3.56033	0.235772	-0.548727	
12.0002	3.56169	0.23631	-0.549953	
12.0102	3.56292	0.236787	-0.551025	
12.0202	3.56405	0.237231	-0.551948	
12.0302	3.56508	0.237689	-0.552713	
12.0402	3.56598	0.23814	-0.55336	
12.0502	3.56777	0.238845	-0.554264	
12.0602	3.56984	0.238985	-0.555277	
12.0702	3.572	0.238232	-0.55632	
12.0802	3.5742	0.238044	-0.557129	
12.0902	3.57637	0.237808	-0.557908	
12.1002	3.5786	0.237377	-0.55873	
12.1102	3.58091	0.236777	-0.559623	
12.1202	3.58329	0.236059	-0.56056	
12.1302	3.58573	0.235233	-0.561537	
12.1402	3.58824	0.234254	-0.562362	
12.1502	3.59083	0.233154	-0.56289	
12.1602	3.5935	0.231947	-0.563104	
12.1702	3.59621	0.230678	-0.562985	
12.1802	3.59887	0.229367	-0.562565	
12.1902	3.60142	0.228143	-0.561896	
12.2002	3.60384	0.226976	-0.560934	
12.2102	3.60607	0.225869	-0.55972	
12.2202	3.60807	0.224599	-0.558307	
12.2302	3.60997	0.22378	-0.55697	
12.2402	3.6125	0.224465	-0.557674	
12.2502	3.61516	0.224902	-0.559372	
12.2602	3.61787	0.225116	-0.561425	
12.2702	3.62057	0.225284	-0.563529	
12.2802	3.62321	0.225365	-0.565693	
12.2902	3.62589	0.225601	-0.567875	
12.3002	3.62861	0.225886	-0.570047	
12.3102	3.63139	0.226196	-0.572211	
12.3202	3.63393	0.226774	-0.574142	
12.3302	3.63461	0.228426	-0.574589	
12.3402	3.63432	0.229965	-0.57362	
12.3502	3.63316	0.231254	-0.571345	
12.3602	3.63106	0.23236	-0.568561	
12.3702	3.62902	0.233634	-0.566439	
12.3802	3.62803	0.235138	-0.566405	
12.3902	3.62689	0.236566	-0.567088	
12.4002	3.62599	0.237647	-0.568566	
12.4102	3.6257	0.23853	-0.571075	
12.4202	3.62588	0.23899	-0.574276	
12.4302	3.62657	0.239327	-0.577736	
12.4402	3.62767	0.239831	-0.581017	
12.4502	3.62912	0.240323	-0.584119	
12.4602	3.63093	0.24076	-0.58703	
12.4702	3.63312	0.241152	-0.589718	
12.4802	3.63574	0.241647	-0.592105	
12.4902	3.63865	0.242449	-0.594217	
12.5002	3.64168	0.243189	-0.5962	
12.5102	3.64471	0.24383	-0.598095	
12.5202	3.64771	0.244455	-0.599915	
12.5302	3.6507	0.24502	-0.601651	
12.5402	3.65367	0.24558	-0.603311	
12.5502	3.65662	0.246112	-0.604896	
12.5602	3.65958	0.246563	-0.606401	
12.5702	3.66255	0.24692	-0.607828	
12.5802	3.66547	0.247323	-0.609202	
12.5902	3.66835	0.247753	-0.610539	
12.6002	3.67128	0.248017	-0.611871	
12.6102	3.67446	0.247777	-0.613177	
12.6202	3.67713	0.248531	-0.614225	
12.6302	3.67978	0.249228	-0.61528	
12.6402	3.68249	0.249795	-0.616347	
12.6502	3.68523	0.250325	-0.617404	
12.6602	3.68795	0.250837	-0.618442	
12.6702	3.69047	0.251416	-0.619419	
12.6802	3.6929	0.251946	-0.620366	
12.6902	3.69524	0.252343	-0.621392	
12.7002	3.69749	0.25262	-0.622519	
12.7102	3.69966	0.252762	-0.623769	
12.7202	3.70173	0.253057	-0.625024	
12.7302	3.70377	0.253613	-0.626096	
12.7402	3.70575	0.254285	-0.627075	
12.7502	3.70763	0.254728	-0.628447	
12.7602	3.70948	0.255228	-0.629823	
12.7702	3.71131	0.255774	-0.631214	
12.7802	3.71309	0.256344	-0.632639	
12.7902	3.715	0.256937	-0.634091	
12.8002	3.71709	0.257565	-0.635553	
12.8102	3.71934	0.25824	-0.63701	
12.8202	3.72173	0.258973	-0.63845	
12.8302	3.72424	0.259774	-0.63987	
12.8402	3.72685	0.26065	-0.641257	
12.8502	3.72957	0.261527	-0.642644	
12.8602	3.73239	0.262469	-0.644015	
12.8702	3.73532	0.263045	-0.64526	
12.8802	3.73849	0.262316	-0.646147	
12.8902	3.742	0.260352	-0.64665	
12.9002	3.74583	0.257156	-0.646789	
12.9102	3.74992	0.252714	-0.646572	
12.9202	3.75418	0.24695	-0.645984	
12.9302	3.75807	0.244958	-0.647828	
12.9402	3.76182	0.245225	-0.650259	
12.9502	3.76488	0.248469	-0.653534	
12.9602	3.76703	0.255692	-0.658419	
12.9702	3.76928	0.261704	-0.663218	
12.9802	3.77163	0.266436	-0.667881	
12.9902	3.77413	0.269879	-0.672355	
13.0002	3.77687	0.272071	-0.676625	
13.0102	3.77988	0.273019	-0.680699	
13.0202	3.78317	0.272722	-0.684581	
13.0302	3.78668	0.271071	-0.688293	
13.0402	3.79044	0.268101	-0.691844	
13.0502	3.79403	0.265406	-0.69527	
13.0602	3.79752	0.265134	-0.698164	
13.0702	3.80116	0.265573	-0.700797	
13.0802	3.80489	0.265689	-0.703392	
13.0902	3.80873	0.265471	-0.70595	
13.1002	3.81269	0.26499	-0.70846	
13.1102	3.81675	0.264153	-0.710921	
13.1202	3.82094	0.262993	-0.713331	
13.1302	3.82521	0.261492	-0.715735	
13.1402	3.82952	0.259627	-0.718264	
13.1502	3.83382	0.257337	-0.720954	
13.1602	3.83812	0.254608	-0.72379	
13.1702	3.8424	0.251404	-0.726766	
13.1802	3.84667	0.247675	-0.729877	
13.1902	3.85092	0.243388	-0.733108	
13.2002	3.85443	0.240969	-0.735966	
13.2102	3.85676	0.242014	-0.738186	
13.2202	3.85885	0.242958	-0.740067	
13.2302	3.86064	0.243803	-0.741638	
13.2402	3.86212	0.244586	-0.743043	
13.2502	3.86357	0.24541	-0.744424	
13.2602	3.86587	0.246279	-0.745843	
13.2702	3.86819	0.246576	-0.747595	
13.2802	3.87029	0.247093	-0.749281	
13.2902	3.87227	0.247566	-0.750881	
13.3002	3.87422	0.247929	-0.752386	
13.3102	3.87624	0.24811	-0.753805	
13.3202	3.87823	0.248294	-0.755105	
13.3302	3.88034	0.248366	-0.7563	
13.3402	3.8825	0.248296	-0.757457	
13.3502	3.88467	0.248113	-0.758562	
13.3602	3.88682	0.247832	-0.759612	
13.3702	3.88895	0.24747	-0.76061	
13.3802	3.89101	0.247029	-0.761529	
13.3902	3.89314	0.246173	-0.762254	
13.4002	3.89504	0.245208	-0.762823	
13.4102	3.89662	0.244643	-0.763179	
13.4202	3.89894	0.244845	-0.763941	
13.4302	3.90173	0.245454	-0.764856	
13.4402	3.90468	0.246031	-0.765756	
13.4502	3.90761	0.246445	-0.766741	
13.4602	3.91064	0.247115	-0.76781	
13.4702	3.91369	0.247808	-0.768976	
13.4802	3.91679	0.248484	-0.770225	
13.4902	3.91997	0.249196	-0.771524	
13.5002	3.92316	0.24995	-0.772901	
13.5102	3.92634	0.250775	-0.774334	
13.5202	3.92947	0.251695	-0.77583	
13.5302	3.93256	0.252631	-0.777386	
13.5402	3.93564	0.25345	-0.779035	
13.5502	3.93859	0.254057	-0.780836	
13.5602	3.94157	0.254643	-0.782686	
13.5702	3.94463	0.255231	-0.784512	
13.5802	3.9477	0.255653	-0.786412	
13.5902	3.95084	0.255979	-0.788333	
13.6002	3.95394	0.256058	-0.79034	
13.6102	3.9572	0.256115	-0.792328	
13.6202	3.96067	0.256156	-0.794217	
13.6302	3.96433	0.256146	-0.796024	
13.6402	3.96811	0.25624	-0.797772	
13.6502	3.97186	0.256339	-0.799546	
13.6602	3.9756	0.256369	-0.801344	
13.6702	3.97934	0.256316	-0.803163	
13.6802	3.98309	0.256111	-0.805027	
13.6902	3.98689	0.255794	-0.806958	
13.7002	3.99073	0.25534	-0.80896	
13.7102	3.99463	0.254696	-0.810991	
13.7202	3.99861	0.253839	-0.812967	
13.7302	4.00267	0.252751	-0.814873	
13.7402	4.00682	0.251404	-0.816703	
13.7502	4.01105	0.249769	-0.818451	
13.7602	4.01538	0.247819	-0.820112	
13.7702	4.0198	0.245521	-0.821684	
13.7802	4.02432	0.242849	-0.823162	
13.7902	4.02816	0.24232	-0.824394	
13.8002	4.03155	0.242308	-0.825662	
13.8102	4.03459	0.242209	-0.826969	
13.8202	4.03766	0.242102	-0.828324	
13.8302	4.04075	0.241946	-0.829595	
13.8402	4.04393	0.241582	-0.830807	
13.8502	4.04685	0.241726	-0.831931	
13.8602	4.04974	0.241871	-0.832961	
13.8702	4.05262	0.242006	-0.833908	
13.8802	4.05549	0.242157	-0.83477	
13.8902	4.05834	0.242337	-0.835548	
13.9002	4.06117	0.242554	-0.836239	
13.9102	4.06394	0.242786	-0.836966	
13.9202	4.0665	0.243095	-0.837683	
13.9302	4.06884	0.243426	-0.838329	
13.9402	4.07125	0.243625	-0.839182	
13.9502	4.07357	0.243739	-0.840113	
13.9602	4.07574	0.243775	-0.841164	
13.9702	4.07785	0.243698	-0.84242	
13.9802	4.0799	0.243509	-0.843808	
13.9902	4.08187	0.243234	-0.845235	
14.0002	4.08374	0.24289	-0.846681	
14.0102	4.08542	0.242449	-0.848116	
14.0202	4.08683	0.24189	-0.849517	
14.0302	4.08795	0.241223	-0.850901	
14.0402	4.08865	0.240471	-0.85231	
14.0502	4.08896	0.239692	-0.853666	
14.0602	4.0889	0.238926	-0.854936	
14.0702	4.08926	0.238706	-0.856162	
14.0802	4.09099	0.239387	-0.857792	
14.0902	4.09334	0.24004	-0.859498	
14.1002	4.09605	0.240603	-0.861205	
14.1102	4.09897	0.241136	-0.862902	
14.1202	4.10203	0.241677	-0.864588	
14.1302	4.10518	0.24224	-0.866266	
14.1402	4.10838	0.24285	-0.867918	
14.1502	4.11162	0.243525	-0.869527	
14.1602	4.11491	0.244257	-0.871083	
14.1702	4.11819	0.244555	-0.872557	
14.1802	4.12147	0.243451	-0.873644	
14.1902	4.1248	0.240937	-0.874364	
14.2002	4.12798	0.241489	-0.877009	
14.2102	4.1312	0.243916	-0.880003	
14.2202	4.1344	0.245633	-0.882891	
14.2302	4.13775	0.246902	-0.885544	
14.2402	4.14113	0.247931	-0.888007	
14.2502	4.14455	0.2488	-0.890354	
14.2602	4.14769	0.249985	-0.892694	
14.2702	4.15077	0.251412	-0.89483	
14.2802	4.1539	0.252788	-0.896776	
14.2902	4.1571	0.254066	-0.898633	
14.3002	4.16035	0.255215	-0.900476	
14.3102	4.16367	0.256196	-0.902327	
14.3202	4.16706	0.256994	-0.904196	
14.3302	4.17052	0.257583	-0.90609	
14.3402	4.17407	0.257944	-0.90802	
14.3502	4.1777	0.25805	-0.909992	
14.3602	4.1814	0.25789	-0.912016	
14.3702	4.18518	0.257434	-0.914095	
14.3802	4.18903	0.256653	-0.916244	
14.3902	4.19292	0.255514	-0.918532	
14.4002	4.19683	0.253989	-0.920984	
14.4102	4.20041	0.253314	-0.923541	
14.4202	4.20359	0.253021	-0.925877	
14.4302	4.20644	0.253455	-0.927711	
14.4402	4.20925	0.254045	-0.929165	
14.4502	4.21115	0.255323	-0.929293	
14.4602	4.21257	0.256578	-0.928806	
14.4702	4.21387	0.257016	-0.928403	
14.4802	4.21515	0.258015	-0.928481	
14.4902	4.21663	0.258455	-0.928476	
14.5002	4.21778	0.259208	-0.928425	
14.5102	4.21876	0.25992	-0.928227	
14.5202	4.21961	0.260574	-0.927904	
14.5302	4.22067	0.261646	-0.928405	
14.5402	4.22239	0.262678	-0.930186	
14.5502	4.22434	0.263207	-0.931932	
14.5602	4.2264	0.263616	-0.933393	
14.5702	4.22861	0.263854	-0.934699	
14.5802	4.23088	0.263969	-0.935922	
14.5902	4.23294	0.264244	-0.936861	
14.6002	4.23473	0.26514	-0.937596	
14.6102	4.23638	0.266134	-0.938218	
14.6202	4.23809	0.266324	-0.938906	
14.6302	4.23994	0.265574	-0.939569	
14.6402	4.2415	0.266056	-0.940765	
14.6502	4.24414	0.267241	-0.94208	
14.6602	4.24793	0.267664	-0.943313	
14.6702	4.25176	0.267016	-0.944535	
14.6802	4.25588	0.266579	-0.945508	
14.6902	4.26018	0.266144	-0.946426	
14.7002	4.26444	0.26582	-0.947415	
14.7102	4.26855	0.265602	-0.948515	
14.7202	4.27249	0.265519	-0.949728	
14.7302	4.27628	0.265607	-0.951042	
14.7402	4.27991	0.265887	-0.952437	
14.7502	4.28338	0.266375	-0.953913	
14.7602	4.28669	0.267085	-0.955456	
14.7702	4.28982	0.268036	-0.957065	
14.7802	4.29277	0.269235	-0.95873	
14.7902	4.29558	0.270657	-0.960464	
14.8002	4.29836	0.272139	-0.962273	
14.8102	4.30104	0.27376	-0.964115	
14.8202	4.30361	0.275538	-0.966004	
14.8302	4.30609	0.277442	-0.967946	
14.8402	4.3085	0.279458	-0.96994	
14.8502	4.31082	0.281568	-0.971988	
14.8602	4.31307	0.283756	-0.974089	
14.8702	4.31526	0.286003	-0.976247	
14.8802	4.3174	0.288296	-0.978464	
14.8902	4.31947	0.29064	-0.980745	
14.9002	4.32148	0.29302	-0.983095	
14.9102	4.32345	0.295416	-0.985501	
14.9202	4.3254	0.29781	-0.987912	
14.9302	4.32733	0.300182	-0.990301	
14.9402	4.3293	0.302305	-0.992627	
14.9502	4.33131	0.303564	-0.994742	
14.9602	4.33336	0.304847	-0.996956	
14.9702	4.33522	0.307057	-0.999852	
14.9802	4.33692	0.308481	-1.00296	
14.9902	4.33887	0.309291	-1.00589	
15.0002	4.34117	0.309665	-1.0086	
15.0102	4.34395	0.309705	-1.01105	
15.0202	4.3468	0.308466	-1.01356	
15.0302	4.34942	0.305916	-1.01647	
15.0402	4.35301	0.305433	-1.0184	
15.0502	4.35722	0.305028	-1.0201	
15.0602	4.36171	0.303926	-1.02171	
15.0702	4.36639	0.302232	-1.02325	
15.0802	4.3712	0.300016	-1.02477	
15.0903	4.37617	0.29731	-1.0263	
15.1003	4.38128	0.29411	-1.02785	
15.1103	4.38655	0.290393	-1.02942	
15.1203	4.39195	0.286129	-1.031	
15.1303	4.39747	0.281283	-1.03258	
15.1403	4.40301	0.275575	-1.03404	
15.1503	4.40854	0.268832	-1.03544	
15.1603	4.41424	0.261778	-1.0372	
15.1703	4.41908	0.25828	-1.03835	
15.1803	4.42301	0.258665	-1.03936	
15.1903	4.42662	0.258894	-1.04024	
15.2003	4.43008	0.258233	-1.041	
15.2103	4.43293	0.257473	-1.04169	
15.2203	4.43573	0.255656	-1.04248	
15.2303	4.4386	0.252793	-1.0433	
15.2403	4.44153	0.24899	-1.04415	
15.2503	4.4443	0.245004	-1.04491	
15.2603	4.44621	0.245463	-1.04539	
15.2703	4.44806	0.247144	-1.04576	
15.2803	4.44971	0.247792	-1.04615	
15.2903	4.45124	0.247848	-1.04659	
15.3003	4.45304	0.248236	-1.0472	
15.3103	4.45536	0.249831	-1.04776	
15.3203	4.45759	0.250763	-1.04843	
15.3303	4.45994	0.251488	-1.04922	
15.3403	4.46244	0.252173	-1.05012	
15.3503	4.4651	0.252863	-1.05114	
15.3603	4.46789	0.253585	-1.05229	
15.3703	4.4708	0.254346	-1.05356	
15.3803	4.47389	0.255133	-1.05494	
15.3903	4.4771	0.255971	-1.05633	
15.4003	4.48044	0.256897	-1.05764	
15.4103	4.48388	0.257844	-1.05891	
15.4203	4.48738	0.25875	-1.06018	
15.4303	4.49095	0.259726	-1.06142	
15.4403	4.49463	0.260726	-1.06261	
15.4503	4.4984	0.261831	-1.06368	
15.4603	4.50216	0.26305	-1.06465	
15.4703	4.5059	0.264404	-1.06551	
15.4803	4.50964	0.265865	-1.06628	
15.4903	4.51335	0.267314	-1.06698	
15.5003	4.51705	0.268163	-1.06764	
15.5103	4.52067	0.269607	-1.06834	
15.5203	4.52446	0.271298	-1.06898	
15.5303	4.52825	0.272862	-1.06963	
15.5403	4.53201	0.274325	-1.07032	
15.5503	4.53573	0.275701	-1.07105	
15.5603	4.53944	0.276964	-1.07181	
15.5703	4.54313	0.277999	-1.07262	
15.5803	4.54685	0.278937	-1.07361	
15.5903	4.55057	0.279718	-1.07469	
15.6003	4.55429	0.280326	-1.07589	
15.6103	4.558	0.280741	-1.07721	
15.6203	4.5617	0.280943	-1.07867	
15.6303	4.5654	0.280905	-1.08029	
15.6403	4.5691	0.280567	-1.08209	
15.6503	4.57279	0.279933	-1.08407	
15.6603	4.57648	0.278977	-1.08624	
15.6703	4.58015	0.277681	-1.08861	
15.6803	4.58382	0.276005	-1.09118	
15.6903	4.58751	0.273901	-1.09389	
15.7003	4.59125	0.271319	-1.0967	
15.7103	4.59504	0.268212	-1.09958	
15.7203	4.59887	0.264538	-1.1025	
15.7303	4.60275	0.26026	-1.10546	
15.7403	4.60665	0.255348	-1.10844	
15.7503	4.61035	0.250606	-1.11137	
15.7603	4.61258	0.25032	-1.11329	
15.7703	4.61443	0.251009	-1.1147	
15.7803	4.61622	0.251555	-1.11601	
15.7903	4.61795	0.251977	-1.11721	
15.8003	4.61959	0.252321	-1.11829	
15.8103	4.62114	0.252501	-1.11927	
15.8203	4.62308	0.250969	-1.12037	
15.8303	4.62499	0.250764	-1.12134	
15.8403	4.62761	0.250358	-1.12134	
15.8503	4.63039	0.250328	-1.12113	
15.8603	4.63321	0.250314	-1.12103	
15.8703	4.63607	0.250187	-1.12117	
15.8803	4.639	0.250119	-1.12153	
15.8903	4.642	0.250227	-1.12203	
15.9003	4.64502	0.250553	-1.12268	
15.9103	4.64798	0.251073	-1.12348	
15.9203	4.6508	0.251371	-1.12445	
15.9303	4.65361	0.251293	-1.1256	
15.9403	4.65636	0.251152	-1.12697	
15.9503	4.65899	0.25097	-1.12851	
15.9603	4.66155	0.250786	-1.13019	
15.9703	4.66406	0.250468	-1.13196	
15.9803	4.66647	0.250361	-1.13388	
15.9903	4.66879	0.250228	-1.1359	
16.0003	4.67101	0.25007	-1.13804	
16.0103	4.67316	0.249975	-1.14024	
16.0203	4.67526	0.249987	-1.14247	
16.0303	4.67731	0.250058	-1.14474	
16.0403	4.67929	0.250005	-1.14712	
16.0503	4.681	0.249125	-1.14963	
16.0603	4.68274	0.249286	-1.15225	
16.0703	4.68451	0.249633	-1.15485	
16.0803	4.6863	0.250098	-1.15744	
16.0903	4.6882	0.250853	-1.15996	
16.1003	4.69039	0.251965	-1.16227	
16.1103	4.69283	0.253312	-1.16441	
16.1203	4.69537	0.254776	-1.16648	
16.1303	4.69788	0.256263	-1.16856	
16.1403	4.70036	0.257751	-1.17062	
16.1503	4.70284	0.259217	-1.17268	
16.1603	4.70532	0.260662	-1.17473	
16.1703	4.7078	0.262066	-1.17677	
16.1803	4.7103	0.263402	-1.1788	
16.1903	4.71276	0.264424	-1.18083	
16.2003	4.71526	0.264952	-1.18293	
16.2103	4.71807	0.265491	-1.18502	
16.2203	4.72107	0.265938	-1.18707	
16.2303	4.72416	0.266137	-1.18915	
16.2403	4.72737	0.266094	-1.19127	
16.2503	4.7307	0.265814	-1.19343	
16.2603	4.73415	0.265231	-1.19559	
16.2703	4.73775	0.264348	-1.19768	
16.2803	4.7415	0.263139	-1.1997	
16.2903	4.74539	0.26156	-1.20165	
16.3003	4.74944	0.259575	-1.20351	
16.3103	4.75364	0.257154	-1.2053	
16.3203	4.75799	0.254267	-1.20702	
16.3303	4.76247	0.25087	-1.20866	
16.3403	4.76707	0.246931	-1.21025	
16.3503	4.77179	0.242416	-1.21178	
16.3603	4.77578	0.239837	-1.21332	
16.3703	4.77834	0.240961	-1.2146	
16.3803	4.78057	0.241963	-1.21564	
16.3903	4.78282	0.241976	-1.21661	
16.4003	4.78515	0.240914	-1.2175	
16.4103	4.788	0.239652	-1.2186	
16.4203	4.79114	0.23797	-1.21962	
16.4303	4.79444	0.235514	-1.22059	
16.4403	4.79784	0.232198	-1.22153	
16.4503	4.80132	0.227994	-1.22243	
16.4603	4.80484	0.222875	-1.22329	
16.4703	4.8072	0.221893	-1.22466	
16.4803	4.80911	0.221774	-1.22604	
16.4903	4.81079	0.221515	-1.22734	
16.5003	4.81226	0.221176	-1.22858	
16.5103	4.81357	0.220407	-1.22957	
16.5203	4.81487	0.218855	-1.23056	
16.5303	4.8162	0.216248	-1.23171	
16.5403	4.81723	0.213746	-1.23308	
16.5503	4.81804	0.211675	-1.23449	
16.5603	4.81837	0.210928	-1.23548	
16.5703	4.81766	0.213003	-1.23691	
16.5803	4.81708	0.216789	-1.23847	
16.5903	4.8166	0.223001	-1.24008	
16.6003	4.81602	0.228803	-1.24148	
16.6103	4.81566	0.232989	-1.24288	
16.6203	4.81554	0.235651	-1.24427	
16.6303	4.81576	0.236955	-1.24571	
16.6403	4.81623	0.236946	-1.24703	
16.6503	4.81752	0.237968	-1.24878	
16.6603	4.81951	0.239488	-1.25039	
16.6703	4.82203	0.241223	-1.25184	
16.6803	4.82477	0.242941	-1.25329	
16.6903	4.82763	0.244698	-1.25468	
16.7003	4.83051	0.246558	-1.25599	
16.7103	4.83298	0.249377	-1.25747	
16.7203	4.83391	0.257088	-1.25911	
16.7303	4.83474	0.264419	-1.26045	
16.7403	4.83565	0.27036	-1.26167	
16.7503	4.83665	0.274915	-1.26278	
16.7603	4.83773	0.278058	-1.2638	
16.7703	4.83893	0.279795	-1.26474	
16.7803	4.84026	0.280146	-1.26557	
16.7903	4.84169	0.279076	-1.26632	
16.8003	4.84383	0.280037	-1.26745	
16.8103	4.84643	0.282152	-1.2684	
16.8203	4.84909	0.28414	-1.26941	
16.8303	4.85178	0.285912	-1.2705	
16.8403	4.85459	0.286705	-1.27092	
16.8503	4.85759	0.286994	-1.27164	
16.8603	4.86065	0.287216	-1.27324	
16.8703	4.86378	0.287349	-1.27534	
16.8803	4.86698	0.287253	-1.27758	
16.8903	4.87027	0.286891	-1.27998	
16.9003	4.87363	0.286246	-1.28255	
16.9103	4.87705	0.285295	-1.28528	
16.9203	4.88054	0.284006	-1.2882	
16.9303	4.8841	0.282352	-1.29129	
16.9403	4.88775	0.280309	-1.29457	
16.9503	4.89141	0.277815	-1.29802	
16.9603	4.89506	0.274828	-1.30166	
16.9703	4.89869	0.271316	-1.3055	
16.9803	4.90227	0.267245	-1.30951	
16.9903	4.90581	0.262573	-1.3137	
17.0003	4.9093	0.257259	-1.31803	
17.0103	4.91265	0.252198	-1.32222	
17.0203	4.91508	0.252325	-1.32517	
17.0303	4.91705	0.25338	-1.3275	
17.0403	4.91882	0.254184	-1.32941	
17.0503	4.9203	0.25483	-1.33098	
17.0603	4.92147	0.255375	-1.3324	
17.0703	4.92298	0.255735	-1.33378	
17.0803	4.92462	0.255911	-1.3351	
17.0903	4.92633	0.256001	-1.33628	
17.1003	4.92811	0.255896	-1.33756	
17.1103	4.92992	0.255697	-1.3388	
17.1203	4.93158	0.254802	-1.34014	
17.1303	4.93295	0.252891	-1.34169	
17.1403	4.93449	0.252204	-1.34266	
17.1503	4.93606	0.252694	-1.34298	
17.1603	4.93748	0.252583	-1.34302	
17.1703	4.93878	0.252014	-1.34282	
17.1803	4.93981	0.250427	-1.34257	
17.1903	4.94051	0.247752	-1.34233	
17.2003	4.94086	0.244022	-1.34212	
17.2103	4.94087	0.23926	-1.34187	
17.2203	4.94054	0.233508	-1.34159	
17.2303	4.94043	0.229131	-1.3406	
17.2403	4.93993	0.228383	-1.33885	
17.2503	4.93913	0.228397	-1.3365	
17.2603	4.9381	0.228384	-1.33402	
17.2703	4.93773	0.229963	-1.3333	
17.2803	4.93814	0.232532	-1.33435	
17.2903	4.93827	0.23435	-1.3362	
17.3003	4.93895	0.236754	-1.33827	
17.3103	4.94087	0.24404	-1.33889	
17.3203	4.94289	0.250913	-1.33938	
17.3303	4.94484	0.25642	-1.33995	
17.3403	4.94627	0.260144	-1.34077	
17.3503	4.94705	0.262177	-1.34188	
17.3603	4.94756	0.262754	-1.34321	
17.3703	4.94788	0.261904	-1.34474	
17.3803	4.94797	0.259657	-1.34666	
17.3903	4.94855	0.258804	-1.34934	
17.4003	4.94954	0.258753	-1.3524	
17.4103	4.95083	0.258878	-1.35543	
17.4203	4.95238	0.258997	-1.35834	
17.4303	4.95421	0.259136	-1.36109	
17.4403	4.95634	0.259288	-1.36368	
17.4503	4.95878	0.259438	-1.36609	
17.4603	4.96153	0.259565	-1.3683	
17.4703	4.96462	0.25964	-1.37035	
17.4803	4.96798	0.259603	-1.37229	
17.4903	4.97147	0.259326	-1.37423	
17.5003	4.97508	0.258768	-1.37618	
17.5103	4.97882	0.257905	-1.37814	
17.5203	4.9827	0.256705	-1.38012	
17.5303	4.98672	0.255141	-1.38208	
17.5403	4.99088	0.253184	-1.38397	
17.5503	4.99518	0.250793	-1.38577	
17.5603	4.99962	0.247937	-1.38749	
17.5703	5.00419	0.244587	-1.38912	
17.5803	5.00888	0.240698	-1.39066	
17.5903	5.01368	0.236235	-1.39213	
17.6003	5.01856	0.231163	-1.39351	
17.6103	5.02349	0.225439	-1.39482	
17.6203	5.02847	0.219036	-1.39605	
17.6303	5.03342	0.211894	-1.3972	
17.6403	5.03832	0.20397	-1.39826	
17.6503	5.0431	0.195221	-1.39923	
17.6603	5.04776	0.185439	-1.40014	
17.6703	5.05193	0.174937	-1.40094	
17.6803	5.05564	0.163469	-1.40175	
17.6903	5.05911	0.153243	-1.40248	
17.7003	5.06332	0.149629	-1.40289	
17.7103	5.06759	0.145564	-1.40322	
17.7203	5.07186	0.140677	-1.40344	
17.7303	5.07602	0.134429	-1.4036	
17.7403	5.08003	0.126736	-1.40372	
17.7503	5.08403	0.118398	-1.40371	
17.7603	5.0884	0.113042	-1.40331	
17.7703	5.09152	0.110262	-1.40268	
17.7803	5.09377	0.108422	-1.40201	
17.7903	5.09566	0.106015	-1.40129	
17.8003	5.09745	0.102295	-1.40057	
17.8103	5.09918	0.0971906	-1.39985	
17.8203	5.10085	0.0907087	-1.39913	
17.8303	5.10244	0.0828569	-1.3984	
17.8403	5.10293	0.0760811	-1.39749	
17.8503	5.10161	0.0720366	-1.39644	
17.8603	5.09991	0.0685166	-1.39536	
17.8703	5.0981	0.0651127	-1.39424	
17.8803	5.09621	0.0617315	-1.39307	
17.8903	5.09423	0.0583645	-1.39185	
17.9003	5.09217	0.0550152	-1.39057	
17.9103	5.09003	0.0516873	-1.38923	
17.9203	5.0878	0.0483816	-1.38784	
17.9303	5.08548	0.0450976	-1.38639	
17.9403	5.08304	0.0418329	-1.38488	
17.9503	5.08086	0.0394865	-1.38328	
17.9603	5.07784	0.0402488	-1.37863	
17.9703	5.07229	0.0444609	-1.37097	
17.9803	5.06654	0.0511022	-1.36255	
17.9903	5.06124	0.0581929	-1.35395	
18.0003	5.05604	0.063559	-1.34477	
18.0103	5.05098	0.0669193	-1.33483	
18.0203	5.04602	0.0682288	-1.32392	
18.0303	5.04106	0.0676275	-1.31185	
18.0403	5.03598	0.0660073	-1.29917	
18.0503	5.03076	0.0638704	-1.28643	
18.0603	5.02546	0.0611639	-1.27369	
18.0703	5.01899	0.0591762	-1.26254	
18.0803	5.01255	0.0640412	-1.2571	
18.0903	5.01155	0.114692	-1.24427	
18.1003	5.01068	0.16514	-1.2272	
18.1103	5.00987	0.214879	-1.2102	
18.1203	5.0092	0.26397	-1.19365	
18.1303	5.00865	0.312352	-1.17753	
18.1403	5.00823	0.359972	-1.16186	
18.1503	5.00791	0.406787	-1.14664	
18.1603	5.0077	0.45276	-1.13186	
18.1703	5.0076	0.497857	-1.11754	
18.1803	5.00761	0.542047	-1.10369	
18.1903	5.00773	0.585301	-1.0903	
18.2003	5.00796	0.627592	-1.07741	
18.2103	5.00831	0.668891	-1.065	
18.2203	5.00878	0.70917	-1.05311	
18.2303	5.00938	0.748403	-1.04173	
18.2403	5.0101	0.78656	-1.03089	
18.2503	5.01097	0.823612	-1.02059	
18.2603	5.01197	0.859529	-1.01085	
18.2703	5.01312	0.89428	-1.00168	
18.2803	5.01441	0.927835	-0.993086	
18.2903	5.01585	0.960162	-0.985082	
18.3003	5.01743	0.991229	-0.977676	
18.3103	5.01916	1.021	-0.970874	
18.3203	5.02103	1.04945	-0.964682	
18.3303	5.02305	1.07652	-0.959102	
18.3403	5.02523	1.1022	-0.954137	
18.3503	5.02757	1.12644	-0.949786	
18.3603	5.03006	1.14921	-0.946047	
18.3703	5.03272	1.17046	-0.942915	
18.3803	5.03555	1.19017	-0.940384	
18.3903	5.03852	1.20829	-0.938451	
18.4003	5.04164	1.22479	-0.937108	
18.4103	5.0449	1.23962	-0.936341	
18.4203	5.04831	1.25276	-0.936137	
