0	-nan	-nan	-nan	
0.01	0.0021834	0.00108337	2.42775e-05	
0.02	0.0043368	0.0021541	0.000120372	
0.03	0.00642569	0.00320126	0.000285009	
0.04	0.00841814	0.00421478	0.000515266	
0.05	0.0102845	0.00518501	0.000808014	
0.06	0.0118846	0.00604056	0.00113528	
0.07	0.00690955	0.00314917	0.00084865	
0.08	-0.026524	-0.018803	-0.00712413	
0.09	-0.0254503	-0.0441285	-0.0142346	
0.1	-0.0214507	-0.0569232	-0.0142598	
0.11	-0.0217843	-0.0603001	-0.0105695	
0.12	-0.0230375	-0.0626072	-0.00651355	
0.13	-0.0243673	-0.0643716	-0.00245428	
0.14	-0.0257558	-0.0656364	0.0016094	
0.15	-0.0254313	-0.0655166	0.00560723	
0.16	-0.0250697	-0.0613436	0.00986176	
0.17	-0.0286109	-0.0532901	0.00897819	
0.18	-0.0310337	-0.0431917	0.0180189	
0.19	-0.0349976	-0.0303047	0.024045	
0.2	-0.0407763	-0.0173336	0.0257092	
0.21	-0.0473405	-0.00439346	0.0231692	
0.22	-0.0521676	0.00194984	0.0209381	
0.23	-0.0573809	0.0069648	0.015569	
0.24	-0.0632214	0.011126	0.00784613	
0.25	-0.0698266	0.0145905	-0.00140274	
0.26	-0.0735909	0.0167887	-0.0110787	
0.27	-0.0691154	0.0172294	-0.0210782	
0.28	-0.0761742	0.00887661	-0.0319422	
0.29	-0.0771668	-0.00205333	-0.0417384	
0.3	-0.0757776	-0.0149673	-0.0506383	
0.31	-0.0723202	-0.0298572	-0.0586822	
0.32	-0.0660377	-0.0474237	-0.0659731	
0.33	-0.0561263	-0.0680817	-0.0725969	
0.34	-0.0460104	-0.0887805	-0.0785448	
0.35	-0.048169	-0.096098	-0.0801952	
0.36	-0.0527943	-0.0971051	-0.0813136	
0.37	-0.0568304	-0.095804	-0.0828459	
0.38	-0.0577023	-0.0940386	-0.0856964	
0.39	-0.0575531	-0.091624	-0.0907636	
0.4	-0.0570498	-0.0885378	-0.0969878	
0.41	-0.0558692	-0.0845064	-0.103573	
0.42	-0.0540561	-0.0796749	-0.110532	
0.43	-0.0517663	-0.0743022	-0.117783	
0.44	-0.0490414	-0.0684671	-0.125251	
0.45	-0.0474725	-0.0642009	-0.133491	
0.46	-0.0461712	-0.0607849	-0.141469	
0.47	-0.0453692	-0.0582328	-0.149646	
0.48	-0.0443793	-0.0556471	-0.157661	
0.49	-0.0434035	-0.0532017	-0.165642	
0.5	-0.0425032	-0.0509984	-0.17356	
0.51	-0.0418183	-0.0492005	-0.181356	
0.52	-0.0427331	-0.0471848	-0.188751	
0.53	-0.0421013	-0.0465634	-0.196357	
0.54	-0.0421993	-0.0465015	-0.203646	
0.55	-0.0429441	-0.0470032	-0.210709	
0.56	-0.0443291	-0.0481753	-0.21753	
0.57	-0.0463917	-0.0501015	-0.224089	
0.58	-0.0491862	-0.0528544	-0.230353	
0.59	-0.0527674	-0.0564955	-0.23629	
0.6	-0.0572058	-0.0610747	-0.241893	
0.61	-0.0558466	-0.0617461	-0.242686	
0.62	-0.0533213	-0.0588363	-0.241998	
0.63	-0.0501467	-0.0559741	-0.243041	
0.64	-0.0475933	-0.0539104	-0.244976	
0.65	-0.0453929	-0.0517189	-0.246821	
0.66	-0.0423995	-0.0487175	-0.247376	
0.67	-0.0393171	-0.0459293	-0.247419	
0.68	-0.0363709	-0.0433809	-0.247235	
0.69	-0.0317502	-0.0392002	-0.246173	
0.7	-0.0274495	-0.0349732	-0.245401	
0.71	-0.0236372	-0.031157	-0.244671	
0.72	-0.0202331	-0.0277759	-0.243403	
0.73	-0.0178412	-0.0253742	-0.241815	
0.74	-0.014652	-0.0224217	-0.239229	
0.75	-0.0118389	-0.0195712	-0.236255	
0.76	-0.0127123	-0.0179676	-0.232271	
0.77	-0.0154156	-0.0166234	-0.231343	
0.78	-0.017345	-0.0155204	-0.233743	
0.79	-0.0188898	-0.0137541	-0.23655	
0.8	-0.0200012	-0.0132703	-0.238011	
0.81	-0.0215659	-0.012845	-0.237923	
0.82	-0.0226974	-0.0125241	-0.237157	
0.83	-0.0236487	-0.0123019	-0.237083	
0.839999	-0.0251865	-0.0129695	-0.236644	
0.849999	-0.0279837	-0.0161913	-0.235902	
0.859999	-0.031866	-0.0218978	-0.235039	
0.869999	-0.0291745	-0.0219111	-0.232122	
0.879999	-0.0286975	-0.0187259	-0.228259	
0.889999	-0.0293356	-0.0153473	-0.223745	
0.899999	-0.0292567	-0.0146188	-0.218469	
0.909999	-0.0293624	-0.0143558	-0.212313	
0.919999	-0.0296564	-0.0142363	-0.205255	
0.929999	-0.0303816	-0.0144194	-0.197311	
0.939999	-0.0324397	-0.0171085	-0.189327	
0.949999	-0.0356587	-0.0225638	-0.18138	
0.959999	-0.0347931	-0.0216968	-0.173716	
0.969999	-0.0345098	-0.017727	-0.165124	
0.979999	-0.0361463	-0.0128702	-0.155931	
0.989999	-0.0387226	-0.00804462	-0.145589	
0.999999	-0.0402696	-0.00626888	-0.133916	
1.01	-0.042188	-0.00384873	-0.122696	
1.02	-0.0444408	-0.000629934	-0.111812	
1.03	-0.046846	0.00280369	-0.101126	
1.04	-0.0497662	0.00705167	-0.0903531	
1.05	-0.052967	0.0114339	-0.0793013	
1.06	-0.0552496	0.0144434	-0.0681602	
1.07	-0.0588773	0.0169244	-0.0570769	
1.08	-0.0614604	0.0170948	-0.045647	
1.09	-0.0611879	0.0181843	-0.0341139	
1.1	-0.061812	0.0193193	-0.0228528	
1.11	-0.0625738	0.0200801	-0.011849	
1.12	-0.064039	0.0214133	-0.00132913	
1.13	-0.0658895	0.0230821	0.00868887	
1.14	-0.0680021	0.0250412	0.0179654	
1.15	-0.0701956	0.0270398	0.0266207	
1.16	-0.0723693	0.028964	0.0346585	
1.17	-0.0743693	0.0306399	0.0423217	
1.18	-0.0761047	0.0319691	0.0496433	
1.19	-0.0774891	0.0328697	0.0565903	
1.2	-0.0784442	0.0332566	0.0631416	
1.21	-0.0788959	0.0330735	0.0692581	
1.22	-0.0787621	0.0322524	0.0749212	
1.23	-0.0780133	0.0306291	0.08003	
1.24	-0.0764991	0.0282358	0.0846279	
1.25	-0.0741557	0.0250528	0.0887354	
1.26	-0.0709544	0.0210338	0.0923349	
1.27	-0.0668656	0.0161458	0.095401	
1.28	-0.061772	0.010346	0.0980072	
1.29	-0.0557418	0.00358488	0.100117	
1.3	-0.0486945	-0.00426978	0.1017	
1.31	-0.0406075	-0.01337	0.102662	
1.32	-0.0314163	-0.023668	0.103194	
1.33	-0.0211161	-0.0352276	0.103324	
1.34	-0.00967977	-0.0481219	0.103078	
1.35	-0.000775152	-0.0602757	0.102221	
1.36	-0.00373522	-0.0627408	0.100364	
1.37	-0.00582971	-0.062161	0.097967	
1.38	-0.00802241	-0.0596297	0.0951774	
1.39	-0.00931366	-0.0554364	0.0918858	
1.4	-0.00978046	-0.0492996	0.0879532	
1.41	-0.0107404	-0.0447555	0.0829554	
1.42	-0.0117624	-0.0429727	0.0776065	
1.43	-0.0129271	-0.0413751	0.0720583	
1.44	-0.0144118	-0.040018	0.0665447	
1.45	-0.0162894	-0.038884	0.0609101	
1.46	-0.0184958	-0.0379226	0.0551577	
1.47	-0.0209785	-0.0371116	0.0493612	
1.48	-0.0237214	-0.0364722	0.0435036	
1.49	-0.0267596	-0.0359517	0.0374815	
1.5	-0.030069	-0.0355765	0.0314199	
1.51	-0.033756	-0.0353312	0.0255003	
1.52	-0.0378459	-0.0352439	0.0197738	
1.53	-0.0422405	-0.0353595	0.0135762	
1.54	-0.0467994	-0.0356911	0.00729639	
1.55	-0.0506355	-0.0371771	0.0010035	
1.56	-0.0552181	-0.0367152	-0.00253007	
1.57	-0.0552907	-0.0355989	-0.0105913	
1.58	-0.054139	-0.0342643	-0.0206473	
1.59	-0.0530666	-0.032991	-0.0309647	
1.6	-0.052091	-0.0317858	-0.0413966	
1.61	-0.0511913	-0.0306715	-0.0519615	
1.62	-0.0503942	-0.0296647	-0.062638	
1.63	-0.0496841	-0.0287568	-0.0735276	
1.64	-0.0480832	-0.0276697	-0.0841746	
1.65	-0.045811	-0.0261252	-0.0941066	
1.66	-0.0450919	-0.02466	-0.10553	
1.67	-0.0436773	-0.0240087	-0.11852	
1.68	-0.0427805	-0.0237171	-0.132261	
1.69	-0.0412814	-0.0223204	-0.144918	
1.7	-0.0400067	-0.0210141	-0.156847	
1.71	-0.0384177	-0.0191931	-0.168331	
1.72	-0.0370314	-0.0176752	-0.17975	
1.73	-0.0354132	-0.0158012	-0.19077	
1.74	-0.0336345	-0.013676	-0.201336	
1.75	-0.0318144	-0.011496	-0.211492	
1.76	-0.0300569	-0.00940408	-0.221235	
1.77	-0.0284506	-0.00751805	-0.230557	
1.78	-0.0271099	-0.0059804	-0.239463	
1.79	-0.0261536	-0.00492584	-0.247963	
1.8	-0.0256673	-0.00441947	-0.255996	
1.81	-0.0257851	-0.00461816	-0.263623	
1.82	-0.0266334	-0.00564439	-0.270861	
1.83	-0.0282728	-0.00750979	-0.277615	
1.84	-0.0308072	-0.0103199	-0.283921	
1.85	-0.0342092	-0.0140758	-0.28976	
1.86	-0.038543	-0.0187934	-0.295167	
1.87	-0.0438674	-0.0245316	-0.300166	
1.88	-0.050237	-0.0313424	-0.304765	
1.89	-0.0555833	-0.0380449	-0.308614	
1.9	-0.0510963	-0.0387206	-0.30912	
1.91	-0.0459095	-0.0369881	-0.309107	
1.92	-0.0437237	-0.032553	-0.308153	
1.93	-0.0417106	-0.0260714	-0.306111	
1.94	-0.0385414	-0.0203329	-0.30438	
1.95	-0.0356098	-0.0171713	-0.303798	
1.96	-0.033578	-0.0151711	-0.303061	
1.97	-0.0313244	-0.0129194	-0.301181	
1.98	-0.0293274	-0.0107926	-0.298492	
1.99	-0.0275279	-0.00886641	-0.295242	
2	-0.0259912	-0.00720171	-0.291426	
2.01	-0.0247098	-0.00586544	-0.287026	
2.02	-0.0237071	-0.00472649	-0.282039	
2.03	-0.0228541	-0.00385094	-0.276536	
2.04	-0.0220332	-0.00326842	-0.270601	
2.05	-0.0211167	-0.00291846	-0.264395	
2.06	-0.0199185	-0.00266387	-0.258331	
2.07	-0.0184126	-0.00254331	-0.252512	
2.08	-0.0165697	-0.00255721	-0.246952	
2.09	-0.0143795	-0.00269751	-0.241667	
2.1	-0.0118625	-0.00297616	-0.236564	
2.11	-0.00910738	-0.00345283	-0.231496	
2.12	-0.00619668	-0.00402617	-0.226493	
2.13	-0.00308424	-0.00478036	-0.221678	
2.14	0.000384211	-0.00573427	-0.217307	
2.15	0.00424014	-0.00685705	-0.213579	
2.16	0.00843026	-0.00812093	-0.210554	
2.17	0.0127849	-0.0094592	-0.208103	
2.18	0.0171291	-0.0107024	-0.206227	
2.19	0.0211592	-0.0113844	-0.204787	
2.2	0.0248899	-0.0117686	-0.20385	
2.21	0.0245453	-0.0110869	-0.198075	
2.22	0.0218983	-0.0099136	-0.188483	
2.23	0.0195144	-0.00827928	-0.17782	
2.24	0.0171786	-0.00604366	-0.167127	
2.25	0.0146898	-0.00323869	-0.156795	
2.26	0.0119687	0.000111599	-0.146464	
2.27	0.00875129	0.00347429	-0.135726	
2.28	0.00522516	0.00840532	-0.125066	
2.29	0.000817075	0.0145592	-0.114256	
2.3	-0.00439847	0.0218134	-0.103299	
2.31	-0.0103835	0.0300552	-0.0922076	
2.32	-0.0170814	0.0391283	-0.0809994	
2.33	-0.0244615	0.0489294	-0.0696859	
2.34	-0.0324188	0.0592413	-0.0582858	
2.35	-0.0408667	0.069918	-0.0468349	
2.36	-0.0494541	0.0804199	-0.0354916	
2.37	-0.057163	0.0888432	-0.0241904	
2.38	-0.0646568	0.096492	-0.0130023	
2.39	-0.0701679	0.100998	-0.00144912	
2.4	-0.0746462	0.104309	0.00976188	
2.41	-0.076576	0.10312	0.0226043	
2.42	-0.0751989	0.0990815	0.0364083	
2.43	-0.0721304	0.0926543	0.0511108	
2.44	-0.0666019	0.0840047	0.066183	
2.45	-0.0605384	0.0746209	0.0804847	
2.46	-0.0529522	0.0637551	0.0943685	
2.47	-0.0446062	0.0531906	0.106314	
2.48	-0.035135	0.0419489	0.116932	
2.49	-0.0259862	0.0310504	0.125356	
2.5	-0.0188666	0.0190755	0.132693	
2.51	-0.015189	0.0153751	0.13696	
2.52	-0.0161772	0.01364	0.140152	
2.53	-0.0175974	0.0106666	0.142322	
2.54	-0.0117526	0.00789679	0.144456	
2.55	-0.00770531	0.00582305	0.145955	
2.56	-0.00538438	0.00461524	0.14706	
2.57	-0.00376663	0.00358871	0.147902	
2.58	-0.00272276	0.00289003	0.148129	
2.59	-0.00226946	0.00271516	0.14784	
2.6	-0.00243278	0.0031393	0.146991	
2.61	-0.00295259	0.00398347	0.145755	
2.62	-0.00344586	0.00482858	0.144111	
2.63	-0.00390986	0.00567011	0.142019	
2.64	-0.00440882	0.00658426	0.139433	
2.65	-0.00484009	0.00748316	0.136337	
2.66	-0.00525891	0.00834996	0.132806	
2.67	-0.00578178	0.00907236	0.129323	
2.68	-0.00650639	0.00979655	0.125505	
2.69	-0.00758231	0.0105029	0.121424	
2.7	-0.00895185	0.0110105	0.116945	
2.71	-0.0106724	0.0114303	0.112291	
2.72	-0.0127644	0.0118053	0.107598	
2.73	-0.014912	0.013114	0.102947	
2.74	-0.0176808	0.0131514	0.0985029	
2.75	-0.0206121	0.0133446	0.094221	
2.76	-0.0238649	0.0136598	0.0901903	
2.77	-0.0276002	0.0141404	0.0865574	
2.78	-0.03178	0.0145816	0.083239	
2.79	-0.0362583	0.014991	0.0799987	
2.8	-0.040863	0.0156813	0.0768654	
2.81	-0.0453195	0.0170772	0.0742168	
2.82	-0.0493614	0.0189935	0.0720453	
2.83	-0.0531356	0.0215964	0.0699955	
2.84	-0.05662	0.0249205	0.0684066	
2.85	-0.0590788	0.0288806	0.0667421	
2.86	-0.0574565	0.0334998	0.0630979	
2.87	-0.0553604	0.0376694	0.0577004	
2.88	-0.0527089	0.0422277	0.0510008	
2.89	-0.0494071	0.0474106	0.0429211	
2.9	-0.0458961	0.0526022	0.0338412	
2.91	-0.0418387	0.0582532	0.0248133	
2.92	-0.0377532	0.0637292	0.0158655	
2.93	-0.03406	0.0683803	0.00668978	
2.94	-0.0301793	0.0730375	-0.00227062	
2.95	-0.0266806	0.0770189	-0.0114333	
2.96	-0.0232544	0.0806545	-0.0204299	
2.97	-0.0200248	0.0838812	-0.0292993	
2.98	-0.0168542	0.0868057	-0.0380292	
2.99	-0.0137131	0.0897121	-0.0465976	
3	-0.0107952	0.0922182	-0.0550793	
3.01	-0.00776477	0.0947173	-0.0633329	
3.02	-0.00476022	0.097154	-0.0713767	
3.03	-0.00221072	0.0990558	-0.0792231	
3.04	-0.00121123	0.0990079	-0.0872276	
3.05	-0.000421749	0.0985715	-0.0945678	
3.06	-1.015e-06	0.0977168	-0.101467	
3.07	-0.000142005	0.0962639	-0.108007	
3.08	-0.000929526	0.0941245	-0.114163	
3.09	-0.00248995	0.0911915	-0.119916	
3.1	-0.00508427	0.0874106	-0.125236	
3.11	-0.00841918	0.0827045	-0.130158	
3.12	-0.0126794	0.0770225	-0.134654	
3.13	-0.0180303	0.0703063	-0.138737	
3.14	-0.0244859	0.0625291	-0.142387	
3.15	-0.032064	0.0536614	-0.145623	
3.16	-0.0408097	0.0436462	-0.148473	
3.17	-0.0507569	0.0324286	-0.150964	
3.18	-0.0619183	0.0199658	-0.1531	
3.19	-0.0743266	0.00616262	-0.154824	
3.2	-0.0755894	0.00131898	-0.156715	
3.21	-0.0762986	0.000944332	-0.157857	
3.22	-0.0760848	0.00181813	-0.157725	
3.23	-0.0751599	0.00272964	-0.156388	
3.24	-0.0742956	0.00367622	-0.154732	
3.25	-0.0733759	0.00472893	-0.152446	
3.26	-0.0725721	0.00575593	-0.149385	
3.27	-0.0720646	0.00681364	-0.145521	
3.28	-0.0714166	0.00781902	-0.140955	
3.29	-0.0704829	0.00875598	-0.135769	
3.3	-0.0694172	0.00966383	-0.129963	
3.31	-0.0681239	0.0104221	-0.124124	
3.32	-0.0665718	0.0108627	-0.118446	
3.33	-0.0647173	0.0109568	-0.113008	
3.34	-0.064759	0.0106597	-0.109096	
3.35	-0.0659999	0.0102978	-0.107564	
3.36	-0.06708	0.00985485	-0.105487	
3.37	-0.0680227	0.00926081	-0.102542	
3.38	-0.0688384	0.0086079	-0.0986746	
3.39	-0.0695535	0.00789073	-0.0939258	
3.4	-0.0701835	0.00708056	-0.0883773	
3.41	-0.0707242	0.00621325	-0.0820849	
3.42	-0.0712227	0.00536162	-0.075033	
3.43	-0.0717603	0.00465422	-0.0672563	
3.44	-0.0723745	0.00420647	-0.0589164	
3.45	-0.0731015	0.00409571	-0.0498745	
3.46	-0.0739782	0.00431287	-0.040474	
3.47	-0.0749705	0.00477897	-0.0308122	
3.48	-0.0760087	0.00531883	-0.0209043	
3.49	-0.0770139	0.00600212	-0.0107605	
3.5	-0.0781351	0.0067791	-0.000376647	
3.51	-0.0795216	0.0080887	0.00997274	
3.52	-0.0814516	0.0102522	0.0201331	
3.53	-0.0831807	0.0120191	0.0304522	
3.54	-0.0850173	0.0138001	0.0406429	
3.55	-0.0869124	0.0154922	0.0506884	
3.56	-0.089322	0.0175917	0.0602955	
3.57	-0.0927952	0.0209361	0.0695227	
3.58	-0.095274	0.023089	0.0792729	
3.59	-0.0979648	0.0251613	0.0886238	
3.6	-0.101415	0.0280451	0.0976338	
3.61	-0.104952	0.0309698	0.106692	
3.62	-0.107574	0.0327429	0.115552	
3.63	-0.109945	0.0339123	0.124129	
3.64	-0.11189	0.034495	0.13238	
3.65	-0.113943	0.0351362	0.140336	
3.66	-0.115877	0.0356359	0.148016	
3.67	-0.11684	0.0350455	0.155419	
3.68	-0.117723	0.0342874	0.162342	
3.69	-0.118229	0.0332895	0.16888	
3.7	-0.118403	0.0318732	0.175021	
3.71	-0.117859	0.0297439	0.180713	
3.72	-0.116516	0.0268479	0.185928	
3.73	-0.114471	0.0233455	0.190577	
3.74	-0.111602	0.0190002	0.194691	
3.75	-0.107864	0.0138052	0.198268	
3.76	-0.103316	0.00787348	0.201301	
3.77	-0.0979366	0.00114891	0.203816	
3.78	-0.0916913	-0.00641911	0.205803	
3.79	-0.0845371	-0.0148881	0.207273	
3.8	-0.076441	-0.0243201	0.208244	
3.81	-0.0673481	-0.0347988	0.208672	
3.82	-0.0570704	-0.0463957	0.208348	
3.83	-0.0454022	-0.0592333	0.207245	
3.84	-0.0323616	-0.073431	0.205424	
3.85	-0.0179769	-0.088999	0.202925	
3.86	-0.00222101	-0.106021	0.199803	
3.87	0.00427401	-0.118676	0.194623	
3.88	-0.00745916	-0.118922	0.187154	
3.89	-0.0159707	-0.116532	0.180707	
3.9	-0.020533	-0.113016	0.174226	
3.91	-0.0226378	-0.107975	0.167648	
3.92	-0.0235876	-0.101115	0.161583	
3.93	-0.0238428	-0.0922796	0.155843	
3.94	-0.0235121	-0.0815317	0.15047	
3.95	-0.0226995	-0.0688551	0.145432	
3.96	-0.0241522	-0.0624231	0.137261	
3.97	-0.0264321	-0.0602584	0.127397	
3.98	-0.0284913	-0.05844	0.118058	
3.99	-0.0305285	-0.0561868	0.10956	
4	-0.03299	-0.0546292	0.101438	
4.01	-0.0355519	-0.0535399	0.0939933	
4.02	-0.0385172	-0.052838	0.0872902	
4.03	-0.0414224	-0.0527628	0.0808256	
4.04	-0.0404701	-0.0517856	0.072689	
4.05	-0.0389505	-0.0510387	0.0638582	
4.06	-0.0376934	-0.0505264	0.054576	
4.07	-0.0367579	-0.0500566	0.0449517	
4.08	-0.0361028	-0.0492698	0.0351387	
4.09	-0.0355249	-0.0484412	0.0251173	
4.1	-0.0349003	-0.0473597	0.0150591	
4.11	-0.0345251	-0.0467418	0.00463782	
4.12	-0.0342832	-0.0462638	-0.00589622	
4.13	-0.0343273	-0.0458565	-0.0163927	
4.14	-0.0343914	-0.0457223	-0.0271667	
4.15	-0.0346568	-0.0458863	-0.0381245	
4.16	-0.0351874	-0.046398	-0.0492281	
4.17	-0.0350499	-0.0458902	-0.0598416	
4.18	-0.0349044	-0.0454055	-0.0703419	
4.19	-0.0337383	-0.0436091	-0.0798163	
4.2	-0.0347324	-0.0447066	-0.0910194	
4.21	-0.0349593	-0.0449105	-0.101317	
4.22	-0.034356	-0.0441087	-0.110514	
4.23	-0.0333458	-0.0428238	-0.119238	
4.24	-0.0322558	-0.0414755	-0.127831	
4.25	-0.031391	-0.0404955	-0.136309	
4.26	-0.0306131	-0.0396472	-0.144569	
4.27	-0.0299796	-0.0390285	-0.152617	
4.28	-0.0295757	-0.0387393	-0.160426	
4.29	-0.0294885	-0.0388689	-0.167969	
4.3	-0.0299176	-0.0394876	-0.175248	
4.31	-0.0309738	-0.0406803	-0.182291	
4.32	-0.0328671	-0.043027	-0.189042	
4.33	-0.03577	-0.0465414	-0.195492	
4.34	-0.0395348	-0.0509092	-0.201545	
4.35	-0.0422027	-0.0550761	-0.206755	
4.36	-0.0371101	-0.0546696	-0.209177	
4.37001	-0.0327063	-0.0516827	-0.210825	
4.38001	-0.0282468	-0.0463097	-0.21168	
4.39001	-0.024192	-0.0387491	-0.211552	
4.40001	-0.0210953	-0.0295375	-0.210538	
4.41001	-0.0151863	-0.0228518	-0.210945	
4.42001	-0.0103274	-0.0177987	-0.212384	
4.43001	-0.00688777	-0.0141822	-0.21406	
4.44001	-0.00420446	-0.0115998	-0.214934	
4.45001	-0.000815456	-0.00805205	-0.214749	
4.46001	0.00242052	-0.00449067	-0.213937	
4.47001	0.00536918	-0.00117699	-0.212562	
4.48001	0.00802001	0.00176319	-0.210477	
4.49001	0.0103082	0.00436215	-0.207613	
4.50001	0.0122185	0.00662917	-0.203937	
4.51001	0.0137614	0.00858807	-0.199428	
4.52001	0.0149655	0.0102561	-0.194102	
4.53001	0.0159171	0.0116234	-0.18805	
4.54001	0.0162213	0.012134	-0.181561	
4.55001	0.0173874	0.0130824	-0.175371	
4.56001	0.018728	0.0139442	-0.16919	
4.57001	0.0202756	0.0145379	-0.163245	
4.58001	0.0221114	0.0149188	-0.157579	
4.59001	0.0242659	0.0151299	-0.152201	
4.60001	0.0265968	0.0155022	-0.147169	
4.61001	0.029255	0.0159678	-0.142393	
4.62001	0.0321643	0.0154644	-0.137605	
4.63001	0.0351827	0.0149244	-0.13302	
4.64001	0.0385155	0.0142612	-0.128816	
4.65001	0.0422055	0.0134498	-0.125194	
4.66001	0.044517	0.0128789	-0.120293	
4.67001	0.0431278	0.0124285	-0.11253	
4.68001	0.0415753	0.0121602	-0.104116	
4.69001	0.03992	0.0122263	-0.0953619	
4.70001	0.0382423	0.0129392	-0.0863212	
4.71001	0.0363662	0.0141379	-0.0770267	
4.72001	0.0343061	0.0158439	-0.0675435	
4.73001	0.0320443	0.0179949	-0.0578558	
4.74001	0.0292564	0.0211048	-0.0480954	
4.75001	0.0240841	0.0252602	-0.0381543	
4.76001	0.0196018	0.029586	-0.0280676	
4.77001	0.0176325	0.0322238	-0.0173846	
4.78001	0.0144483	0.0361414	-0.00689317	
4.79001	0.0106654	0.0405025	0.00378775	
4.80001	0.00650354	0.044962	0.0146536	
4.81002	0.00198788	0.049689	0.0256413	
4.82002	-0.0027993	0.0545534	0.0367369	
4.83002	-0.00680841	0.057778	0.0482228	
4.84002	-0.0113175	0.0617318	0.0594255	
4.85002	-0.0158282	0.0655773	0.0706121	
4.86002	-0.0200426	0.0687403	0.08175	
4.87002	-0.0244093	0.0725475	0.0924464	
4.88002	-0.0292431	0.0766269	0.102855	
4.89002	-0.0341101	0.0806019	0.113098	
4.90002	-0.0390596	0.0846487	0.123013	
4.91002	-0.0439449	0.088535	0.132609	
4.92002	-0.0486286	0.0921059	0.141889	
4.93002	-0.053024	0.0954702	0.150738	
4.94002	-0.0572984	0.098572	0.159073	
4.95002	-0.0613057	0.10139	0.166835	
4.96002	-0.0649856	0.103876	0.173998	
4.97002	-0.068192	0.105869	0.180567	
4.98002	-0.0673938	0.104581	0.188243	
4.99002	-0.0649731	0.0990877	0.197467	
5.00002	-0.0625868	0.0931154	0.205556	
5.01002	-0.0593395	0.087991	0.211184	
5.02002	-0.0551941	0.0825738	0.215149	
5.03002	-0.0500828	0.0762967	0.218215	
5.04002	-0.0439575	0.0691329	0.220416	
5.05002	-0.0368956	0.061115	0.221891	
5.06002	-0.0288226	0.0520179	0.222773	
5.07002	-0.019586	0.0417424	0.223157	
5.08002	-0.00917712	0.0302884	0.223108	
5.09002	0.00245899	0.0175647	0.222669	
5.10002	0.0153332	0.0034982	0.221875	
5.11002	0.0294843	-0.0120058	0.22078	
5.12002	0.0449351	-0.0290241	0.219444	
5.13002	0.0542941	-0.042674	0.217699	
5.14002	0.0511846	-0.0454918	0.216263	
5.15002	0.0491568	-0.0449184	0.214527	
5.16002	0.0482235	-0.0418977	0.212223	
5.17002	0.0480685	-0.0365517	0.209769	
5.18002	0.0476821	-0.0312067	0.206413	
5.19002	0.0460194	-0.0315819	0.201744	
5.20002	0.0442942	-0.0319352	0.196747	
5.21002	0.0422195	-0.0319923	0.191649	
5.22002	0.0398278	-0.0319785	0.186698	
5.23002	0.037094	-0.0321269	0.181826	
5.24003	0.0339218	-0.0329252	0.176893	
5.25003	0.0304344	-0.0339946	0.172091	
5.26003	0.0265154	-0.0353252	0.167663	
5.27003	0.0221187	-0.0368966	0.163775	
5.28003	0.0172976	-0.0385889	0.160517	
5.29003	0.0122175	-0.0401102	0.157812	
5.30003	0.00691293	-0.0416972	0.155463	
5.31003	0.00128041	-0.0439678	0.153742	
5.32003	-0.00423595	-0.0460535	0.152581	
5.33003	-0.00945845	-0.0473413	0.152502	
5.34003	-0.0145186	-0.0485095	0.153126	
5.35003	-0.0199393	-0.0496502	0.154656	
5.36003	-0.0250562	-0.0508889	0.156961	
5.37003	-0.0298841	-0.0514579	0.160497	
5.38003	-0.0341617	-0.0513601	0.165206	
5.39003	-0.0374816	-0.0482655	0.172087	
5.40003	-0.038496	-0.0435922	0.176887	
5.41003	-0.0336798	-0.0378517	0.174919	
5.42003	-0.0273784	-0.0308831	0.169759	
5.43003	-0.0218949	-0.023677	0.163186	
5.44003	-0.017274	-0.0162698	0.155703	
5.45003	-0.0112418	-0.00798692	0.146441	
5.46003	-0.00575656	-0.000502358	0.136767	
5.47003	-0.000548817	0.00642015	0.127238	
5.48003	0.00447233	0.0129854	0.117934	
5.49003	0.00568192	0.0185966	0.109286	
5.50003	0.00723376	0.0222522	0.10061	
5.51003	0.0106017	0.0236569	0.0917397	
5.52003	0.0130451	0.0251282	0.0832811	
5.53003	0.0148427	0.0263356	0.0752667	
5.54003	0.0139019	0.028618	0.0678117	
5.55003	0.00954363	0.0321775	0.0606084	
5.56003	0.00166637	0.0370125	0.0537104	
5.57003	-0.00982852	0.0431836	0.0472486	
5.58003	-0.0160374	0.0442657	0.0447427	
5.59003	-0.0072134	0.0340608	0.0423163	
5.60003	-0.00399853	0.0268047	0.0354493	
5.61003	-0.00348331	0.0207827	0.0292111	
5.62003	-0.00492106	0.0150424	0.0235145	
5.63003	-0.00638224	0.0099659	0.0183157	
5.64003	-0.007185	0.00744658	0.0137499	
5.65003	-0.00839109	0.00483511	0.00914716	
5.66003	-0.00926721	0.00294776	0.005119	
5.67003	-0.0118198	-0.000610973	0.00185697	
5.68004	-0.0131363	-0.00292601	-0.000629218	
5.69004	-0.0139895	-0.00449583	-0.00235403	
5.70004	-0.0155108	-0.00660462	-0.00341357	
5.71004	-0.0167124	-0.00844098	-0.00376469	
5.72004	-0.0175061	-0.00974252	-0.00356674	
5.73004	-0.020768	-0.0104049	-0.00329942	
5.74004	-0.0226201	-0.0106741	-0.00320054	
5.75004	-0.0241618	-0.0105232	-0.00252833	
5.76004	-0.0255619	-0.0102151	-0.00146101	
5.77004	-0.0267705	-0.00957094	0.000186225	
5.78004	-0.0262753	-0.00919006	0.00269889	
5.79004	-0.0247884	-0.00916654	0.00620775	
5.80004	-0.0246612	-0.00864777	0.0101502	
5.81004	-0.0243283	-0.00806827	0.0141189	
5.82004	-0.0238871	-0.007472	0.0181978	
5.83004	-0.0233446	-0.00683152	0.0224627	
5.84004	-0.0227274	-0.00613606	0.0269116	
5.85004	-0.0221852	-0.00547172	0.0318151	
5.86004	-0.0216067	-0.00490126	0.0373562	
5.87004	-0.0210024	-0.00447672	0.0435419	
5.88004	-0.0198449	-0.00416449	0.0504343	
5.89004	-0.0185225	-0.00412608	0.0580138	
5.90004	-0.0186615	-0.0037703	0.066077	
5.91004	-0.0185601	-0.00348591	0.0746125	
5.92004	-0.0184283	-0.00318311	0.08354	
5.93004	-0.0184088	-0.00265697	0.092765	
5.94004	-0.018588	-0.00178001	0.102212	
5.95004	-0.0190313	-0.000476648	0.1118	
5.96004	-0.0197626	0.00128642	0.121501	
5.97004	-0.0208038	0.00351332	0.131233	
5.98004	-0.0221545	0.00616636	0.140984	
5.99004	-0.0237761	0.00920547	0.150868	
6.00004	-0.0257299	0.0127204	0.161017	
6.01004	-0.0280856	0.0168423	0.17147	
6.02004	-0.0310998	0.0215979	0.182225	
6.03004	-0.0345541	0.0269763	0.193241	
6.04004	-0.0380782	0.0322374	0.204197	
6.05004	-0.0413429	0.0371084	0.215056	
6.06004	-0.0450889	0.0422862	0.22588	
6.07004	-0.0491123	0.0476937	0.236622	
6.08004	-0.0520421	0.0511947	0.24755	
6.09004	-0.0550723	0.0543808	0.257695	
6.10004	-0.0574468	0.0564275	0.267646	
6.11004	-0.0586186	0.0569573	0.277889	
6.12005	-0.059463	0.0568554	0.288055	
6.13005	-0.0609591	0.0574345	0.297309	
6.14005	-0.0625119	0.0582236	0.306421	
6.15005	-0.0639593	0.0589915	0.315617	
6.16005	-0.0653059	0.0595135	0.324471	
6.17005	-0.0663735	0.0597165	0.33292	
6.18005	-0.067104	0.0595112	0.340925	
6.19005	-0.0674053	0.0588093	0.348459	
6.20005	-0.0671875	0.0575244	0.355501	
6.21005	-0.0663646	0.0555919	0.362033	
6.22005	-0.0648271	0.0529334	0.368049	
6.23005	-0.0615682	0.0487048	0.374091	
6.24005	-0.0541848	0.0407029	0.382045	
6.25005	-0.0457428	0.0315081	0.389221	
6.26005	-0.0376057	0.0225057	0.394326	
6.27005	-0.0292751	0.0130256	0.397847	
6.28005	-0.0200921	0.00265989	0.400632	
6.29005	-0.00984084	-0.00873424	0.403004	
6.30005	0.00147067	-0.0212177	0.404976	
6.31005	0.0138804	-0.0348552	0.406571	
6.32005	0.0275525	-0.0497005	0.407821	
6.33005	0.0424677	-0.0658744	0.408805	
6.34005	0.0424729	-0.0725457	0.40795	
6.35005	0.0385681	-0.0729769	0.403949	
6.36005	0.035466	-0.0720039	0.399602	
6.37005	0.0330054	-0.0696483	0.395072	
6.38005	0.0313305	-0.0653392	0.390195	
6.39005	0.0301163	-0.0597609	0.385017	
6.40005	0.0281713	-0.0558964	0.380774	
6.41005	0.0263509	-0.0546385	0.376957	
6.42005	0.0247777	-0.0535445	0.37308	
6.43005	0.0232188	-0.0524556	0.368893	
6.44005	0.021503	-0.0515648	0.364337	
6.45005	0.0194963	-0.0508742	0.359494	
6.46005	0.0171756	-0.0504194	0.354445	
6.47005	0.0144966	-0.0501087	0.349208	
6.48005	0.011526	-0.0500608	0.343816	
6.49005	0.00827989	-0.0502477	0.338284	
6.50005	0.00486301	-0.050307	0.332636	
6.51005	0.000945456	-0.0508606	0.326861	
6.52005	-0.00340427	-0.0516076	0.321094	
6.53005	-0.00821842	-0.0524449	0.315301	
6.54005	-0.0134022	-0.053277	0.309422	
6.55006	-0.0164669	-0.0534515	0.302735	
6.56006	-0.0158844	-0.0529945	0.294829	
6.57006	-0.0149449	-0.051826	0.286709	
6.58006	-0.0137636	-0.0500572	0.278309	
6.59006	-0.0126237	-0.0483386	0.269603	
6.60006	-0.0113277	-0.0462977	0.260662	
6.61006	-0.00984897	-0.0439174	0.251477	
6.62006	-0.00819056	-0.0412297	0.242066	
6.63006	-0.00631701	-0.038216	0.232419	
6.64006	-0.00383357	-0.0342302	0.222621	
6.65006	-0.000853106	-0.029509	0.212552	
6.66006	0.00235877	-0.0245531	0.202331	
6.67006	0.00600653	-0.0190707	0.191989	
6.68006	0.0100689	-0.0131043	0.181582	
6.69006	0.0146761	-0.00648317	0.171208	
6.70006	0.0198028	0.000734339	0.160869	
6.71006	0.0255333	0.00835027	0.150608	
6.72006	0.0316214	0.0162824	0.140429	
6.73006	0.0379769	0.0244288	0.130398	
6.74006	0.0444076	0.0327137	0.120555	
6.75006	0.0510648	0.0409277	0.110895	
6.76006	0.0578341	0.0489675	0.101507	
6.77006	0.0645983	0.0567157	0.0924029	
6.78006	0.0711669	0.0640563	0.0835655	
6.79006	0.077463	0.0709986	0.0751821	
6.80006	0.0835197	0.0773825	0.0672642	
6.81006	0.0868786	0.0813889	0.0594156	
6.82006	0.0809762	0.0762795	0.0485353	
6.83006	0.0743671	0.0676955	0.0357837	
6.84006	0.0672071	0.0558576	0.0221616	
6.85006	0.0584286	0.0454424	0.0098915	
6.86006	0.0498263	0.0353025	-0.00119044	
6.87006	0.0415686	0.025604	-0.0110549	
6.88006	0.0330031	0.0162154	-0.0193373	
6.89006	0.023495	0.00572362	-0.0264262	
6.90006	0.0146583	-0.0043487	-0.0309293	
6.91006	0.00562779	-0.0145276	-0.0335325	
6.92006	0.00183613	-0.0211479	-0.035426	
6.93006	0.00569645	-0.0197566	-0.0371869	
6.94006	0.00866156	-0.0164853	-0.0387698	
6.95006	0.0104013	-0.0111078	-0.039998	
6.96006	0.0122524	-0.0067527	-0.0400766	
6.97006	0.0138396	-0.00494242	-0.0388232	
6.98006	0.0151863	-0.00316365	-0.0368455	
6.99007	0.0163893	-0.00131373	-0.0341425	
7.00007	0.0174052	0.000420671	-0.0308533	
7.01007	0.0183236	0.00230052	-0.0267027	
7.02007	0.0191141	0.00420149	-0.0218188	
7.03007	0.0198351	0.00605877	-0.0163027	
7.04007	0.0206249	0.00785696	-0.0103326	
7.05007	0.0213388	0.00928775	-0.00419466	
7.06007	0.0206428	0.0088307	0.00272043	
7.07007	0.0185457	0.00630398	0.0102168	
7.08007	0.0151291	0.00169823	0.0182655	
7.09007	0.0208152	0.00468979	0.0234051	
7.10007	0.0259384	0.00912467	0.0287469	
7.11007	0.0300445	0.0112108	0.034871	
7.12007	0.0336045	0.0123045	0.0413043	
7.13007	0.0370828	0.012861	0.0477242	
7.14007	0.0408322	0.0130411	0.0540738	
7.15007	0.0449615	0.0129391	0.0602665	
7.16007	0.0494347	0.0126119	0.0662039	
7.17007	0.0498602	0.0128999	0.0740597	
7.18007	0.0489257	0.0131516	0.0827205	
7.19007	0.0481926	0.014107	0.0917561	
7.20007	0.0471676	0.0152486	0.101669	
7.21007	0.0458627	0.0166867	0.112255	
7.22007	0.0443859	0.0184299	0.123163	
7.23007	0.0427725	0.0203779	0.134368	
7.24007	0.041061	0.0224204	0.145802	
7.25007	0.0392497	0.0245596	0.157445	
7.26007	0.0373005	0.0268484	0.169243	
7.27007	0.0352165	0.0292892	0.181219	
7.28007	0.0331675	0.0320575	0.193241	
7.29007	0.0300976	0.0335947	0.206247	
7.30007	0.0280122	0.0365215	0.218549	
7.31007	0.0254231	0.0396759	0.23088	
7.32007	0.0229149	0.0423477	0.243491	
7.33007	0.0208418	0.0441013	0.256437	
7.34007	0.0187992	0.0456734	0.269185	
7.35007	0.0160692	0.0482429	0.281153	
7.36007	0.0130333	0.0512198	0.292686	
7.37007	0.00970735	0.0546667	0.303503	
7.38007	0.00614902	0.0584358	0.313625	
7.39007	0.00251876	0.0624545	0.322957	
7.40007	-0.00127965	0.0665807	0.331456	
7.41007	-0.0050837	0.0704699	0.339622	
7.42007	-0.00861666	0.0739385	0.347521	
7.43008	-0.0117648	0.0768769	0.355087	
7.44008	-0.0145252	0.079279	0.362304	
7.45008	-0.0154047	0.079374	0.370037	
7.46008	-0.0155177	0.078783	0.376956	
7.47008	-0.0150097	0.077501	0.382989	
7.48008	-0.0137531	0.0754146	0.388468	
7.49008	-0.0117271	0.0725449	0.393459	
7.50008	-0.00865759	0.0685832	0.398079	
7.51008	-0.00459598	0.0636496	0.402109	
7.52008	0.000187891	0.0576428	0.405641	
7.53008	0.00355875	0.0495522	0.409136	
7.54008	0.00463236	0.0394365	0.412235	
7.55008	0.00345286	0.0271419	0.41498	
7.56008	-5.15882e-06	0.0127187	0.417274	
7.57008	-0.00570951	-0.00384163	0.41901	
7.58008	-0.00441389	-0.0147651	0.417555	
7.59008	-0.00956714	-0.0115477	0.415918	
7.60008	-0.00390774	-0.0066444	0.414037	
7.61008	0.00561694	-0.00245749	0.413451	
7.62008	0.0116945	0.000583979	0.412058	
7.63008	0.0158508	0.00299294	0.410247	
7.64008	0.019013	0.00490831	0.407821	
7.65008	0.0214657	0.00653635	0.404786	
7.66008	0.0234166	0.00798568	0.401221	
7.67008	0.0249701	0.00917844	0.397609	
7.68008	0.0266268	0.00960383	0.39362	
7.69008	0.0294694	0.00789289	0.389479	
7.70008	0.0296342	0.00768448	0.385231	
7.71008	0.0280688	0.00976341	0.380451	
7.72008	0.0264677	0.0108467	0.37537	
7.73008	0.0246889	0.0111958	0.370137	
7.74008	0.0232931	0.0104134	0.364828	
7.75008	0.0233541	0.00714172	0.359482	
7.76008	0.0224611	0.00314829	0.354889	
7.77008	0.0172067	0.00459948	0.351848	
7.78008	0.0147676	0.00520666	0.346486	
7.79008	0.0148845	0.00545835	0.339481	
7.80008	0.0154186	0.0056146	0.332069	
7.81008	0.0161781	0.00597174	0.324278	
7.82008	0.0171289	0.00677925	0.316179	
7.83008	0.0183292	0.00788074	0.307713	
7.84008	0.0197238	0.00925315	0.298918	
7.85008	0.0213438	0.0110185	0.289881	
7.86009	0.0231873	0.0131018	0.280602	
7.87009	0.0252281	0.0155215	0.271068	
7.88009	0.0275096	0.018282	0.261278	
7.89009	0.030099	0.0214584	0.251239	
7.90009	0.0330648	0.0251195	0.240996	
7.91009	0.0363945	0.0292078	0.230621	
7.92009	0.0401191	0.0336718	0.220176	
7.93009	0.0441221	0.0383733	0.209879	
7.94009	0.047909	0.0426045	0.199232	
7.95009	0.0521174	0.0471938	0.188786	
7.96009	0.056604	0.0519585	0.178542	
7.97009	0.0613119	0.0567817	0.168541	
7.98009	0.0660211	0.0614011	0.158653	
7.99009	0.0709468	0.0660663	0.149098	
8.00009	0.0761996	0.0709152	0.139994	
8.01009	0.081535	0.0756593	0.131194	
8.02009	0.0868031	0.080157	0.12263	
8.03009	0.0918334	0.0842317	0.114275	
8.04009	0.0967626	0.0876014	0.105946	
8.05009	0.100097	0.0901419	0.0977306	
8.06009	0.102033	0.0908321	0.0894541	
8.07009	0.103894	0.0911676	0.0817344	
8.08009	0.105869	0.0905706	0.0746214	
8.09009	0.110379	0.0879102	0.0680786	
8.10009	0.114579	0.0845812	0.0624952	
8.11009	0.110323	0.0838616	0.0582931	
8.12009	0.106705	0.0814794	0.0544193	
8.13009	0.103687	0.0777497	0.0510504	
8.14009	0.102811	0.0721488	0.0480948	
8.15009	0.104445	0.0646434	0.0454684	
8.16009	0.108619	0.0552041	0.0433396	
8.17009	0.115265	0.0437896	0.0418809	
8.18009	0.124334	0.0303837	0.0411345	
8.19009	0.118786	0.0163807	0.0423454	
8.20009	0.0982209	0.00316449	0.0425513	
8.21009	0.0799232	-0.0118755	0.0429207	
8.22009	0.064182	-0.0282906	0.0438812	
8.23009	0.0511052	-0.0462367	0.045518	
8.24009	0.040751	-0.0658326	0.0479245	
8.25009	0.0262728	-0.0892026	0.0492252	
8.26009	0.0103356	-0.108924	0.050133	
8.27009	0.00346364	-0.109391	0.0533319	
8.28009	-0.00658841	-0.100202	0.0577617	
8.29009	-0.0130668	-0.0918673	0.0630886	
8.30009	-0.0134498	-0.0877619	0.0696492	
8.31009	-0.0109977	-0.0855242	0.0770338	
8.3201	-0.00562837	-0.0851524	0.0852628	
8.3301	0.00420843	-0.0853054	0.0935949	
8.3401	0.00330989	-0.0830523	0.0983493	
8.3501	-0.000183603	-0.0810551	0.103575	
8.3601	-0.00090761	-0.079608	0.10876	
8.3701	-0.000366473	-0.0786003	0.113742	
8.3801	-0.000562482	-0.0779487	0.11814	
8.3901	-0.000862725	-0.0775249	0.1224	
8.4001	-0.0011299	-0.0771712	0.127259	
8.4101	-0.00177746	-0.076142	0.132554	
8.4201	-0.00202855	-0.0759101	0.138816	
8.4301	-0.00317089	-0.0739133	0.145053	
8.4401	-0.00504164	-0.0704266	0.151661	
8.4501	-0.00747515	-0.065881	0.158732	
8.4601	-0.0104601	-0.0603523	0.166181	
8.4701	-0.0140306	-0.053853	0.173978	
8.4801	-0.0182556	-0.0463696	0.182123	
8.4901	-0.0232665	-0.0377271	0.19051	
8.5001	-0.0288683	-0.0282452	0.199278	
8.5101	-0.0291361	-0.0258205	0.210437	
8.5201	-0.0271048	-0.0309564	0.22386	
8.5301	-0.0228913	-0.0396189	0.238179	
8.5401	-0.0197216	-0.0449647	0.251195	
8.5501	-0.0177566	-0.0479586	0.262787	
8.5601	-0.0172041	-0.0488553	0.272822	
8.5701	-0.0175429	-0.0482732	0.282119	
8.5801	-0.0184819	-0.0468633	0.29143	
8.5901	-0.0199419	-0.0447741	0.300725	
8.6001	-0.0218369	-0.0421136	0.309956	
8.6101	-0.0238519	-0.0394422	0.319204	
8.6201	-0.0258946	-0.0369645	0.328213	
8.6301	-0.0279611	-0.0345375	0.337048	
8.6401	-0.0299845	-0.0321713	0.345645	
8.6501	-0.0318651	-0.0300328	0.353991	
8.6601	-0.0335303	-0.0282247	0.362054	
8.6701	-0.0348855	-0.026858	0.369802	
8.6801	-0.0358375	-0.0260303	0.377202	
8.6901	-0.036296	-0.0258249	0.384232	
8.7001	-0.03617	-0.0263325	0.390827	
8.7101	-0.0354138	-0.0275653	0.396975	
8.7201	-0.0339413	-0.0295908	0.40267	
8.7301	-0.0316071	-0.0324366	0.407895	
8.7401	-0.0282188	-0.0363042	0.412706	
8.7501	-0.0239455	-0.0411752	0.416986	
8.76011	-0.0204944	-0.046005	0.419903	
8.77011	-0.0236425	-0.0451167	0.419444	
8.78011	-0.0262566	-0.0421785	0.418733	
8.79011	-0.0284496	-0.0378639	0.418404	
8.80011	-0.0308318	-0.035513	0.420043	
8.81011	-0.0319115	-0.0345566	0.421359	
8.82011	-0.0323228	-0.0343702	0.422023	
8.83011	-0.0334609	-0.0329995	0.422194	
8.84011	-0.0338556	-0.0322051	0.421882	
8.85011	-0.0344466	-0.031239	0.420959	
8.86011	-0.0350563	-0.0301916	0.419491	
8.87011	-0.0356614	-0.0290847	0.41748	
8.88011	-0.0364542	-0.0279388	0.414914	
8.89011	-0.0371592	-0.0266886	0.411841	
8.90011	-0.0377275	-0.025435	0.408312	
8.91011	-0.0383102	-0.024105	0.404292	
8.92011	-0.0390182	-0.0228575	0.400316	
8.93011	-0.0392447	-0.0222528	0.395981	
8.94011	-0.0405335	-0.0209799	0.391559	
8.95011	-0.0421787	-0.0196508	0.386666	
8.96011	-0.0441238	-0.0184337	0.381495	
8.97011	-0.0462794	-0.0173446	0.376372	
8.98011	-0.0487075	-0.0162558	0.371429	
8.99011	-0.0513458	-0.0150623	0.366733	
9.00011	-0.0541707	-0.0137485	0.362315	
9.01011	-0.0573487	-0.0124535	0.358264	
9.02011	-0.0603338	-0.0115359	0.354194	
9.03011	-0.059065	-0.0111547	0.347659	
9.04011	-0.0581042	-0.00980601	0.340927	
9.05011	-0.0586301	-0.00824814	0.333584	
9.06011	-0.0580195	-0.00640811	0.325979	
9.07011	-0.0573692	-0.00423659	0.318023	
9.08011	-0.0567654	-0.00166403	0.309877	
9.09011	-0.0554887	0.00137419	0.301099	
9.10011	-0.056037	0.00467477	0.292623	
9.11011	-0.0551745	0.00844268	0.284347	
9.12011	-0.0509609	0.0129029	0.275892	
9.13011	-0.0485705	0.0179807	0.266566	
9.14011	-0.0441855	0.0229643	0.257236	
9.15011	-0.0405416	0.0285537	0.247678	
9.16011	-0.0362377	0.034521	0.238125	
9.17011	-0.0322718	0.0409691	0.228695	
9.18011	-0.0277405	0.0478949	0.219102	
9.19011	-0.022131	0.0541326	0.209252	
9.20012	-0.0179231	0.0605109	0.199384	
9.21012	-0.0127616	0.0658324	0.189283	
9.22012	-0.00851942	0.0709587	0.179157	
9.23012	-0.005983	0.076042	0.169313	
9.24012	-0.0023263	0.0801211	0.159308	
9.25012	0.00228834	0.0839373	0.149857	
9.26012	0.00806866	0.0853578	0.139385	
9.27012	0.0147293	0.0852897	0.128794	
9.28012	0.0271361	0.0822046	0.117801	
9.29012	0.0354952	0.0739917	0.105545	
9.30012	0.0424991	0.0620261	0.0924882	
9.31012	0.0392248	0.0528205	0.081013	
9.32012	0.0294335	0.0469751	0.0722287	
9.33012	0.0224096	0.0396158	0.063628	
9.34012	0.0179028	0.0309574	0.0552055	
9.35012	0.0160345	0.0208381	0.047095	
9.36012	0.0167757	0.00911325	0.0393795	
9.37012	0.00493339	0.00152422	0.0336382	
9.38012	-0.0150008	-0.00478689	0.030034	
9.39012	-0.0374964	-0.0113376	0.0275134	
9.40012	-0.0573144	-0.0191999	0.0253246	
9.41012	-0.0744943	-0.0284773	0.0235234	
9.42012	-0.0771199	-0.0364655	0.0239184	
9.43012	-0.0682016	-0.0423077	0.0264446	
9.44012	-0.0547565	-0.0473105	0.0301533	
9.45012	-0.0396872	-0.0507137	0.0348744	
9.46012	-0.0374681	-0.04502	0.0384809	
9.47012	-0.0387683	-0.0364815	0.0428885	
9.48012	-0.0384393	-0.0271127	0.0482663	
9.49012	-0.0380709	-0.0169972	0.0546761	
9.50012	-0.0352473	-0.0146876	0.0605737	
9.51012	-0.0351667	-0.0150842	0.0664701	
9.52012	-0.0347833	-0.0148953	0.0726603	
9.53012	-0.0344047	-0.0144571	0.0786743	
9.54012	-0.0339531	-0.014115	0.0844572	
9.55012	-0.0332596	-0.013653	0.0900853	
9.56012	-0.0322635	-0.0133157	0.0957348	
9.57012	-0.0309841	-0.0130473	0.101338	
9.58012	-0.0293599	-0.01307	0.107532	
9.59012	-0.0272247	-0.0128256	0.113553	
9.60012	-0.0247346	-0.0125405	0.119503	
9.61012	-0.0219072	-0.012226	0.125389	
9.62012	-0.0194813	-0.0102924	0.131268	
9.63013	-0.016057	-0.00932086	0.137088	
9.64013	-0.0119267	-0.0101403	0.142461	
9.65013	-0.00743335	-0.0109471	0.147953	
9.66013	-0.00250167	-0.0117447	0.153745	
9.67013	-0.00290591	-0.0121156	0.160037	
9.68013	-0.00436159	-0.0119947	0.167077	
9.69013	-0.00585649	-0.0116616	0.174882	
9.70013	-0.00743336	-0.0111698	0.183497	
9.71013	-0.00917883	-0.0104627	0.192867	
9.72013	-0.0111198	-0.00953339	0.202916	
9.73013	-0.0132672	-0.00839421	0.213591	
9.74013	-0.0156154	-0.0070647	0.224814	
9.75013	-0.0181256	-0.00533361	0.236398	
9.76013	-0.0207968	-0.00261015	0.247907	
9.77013	-0.0250749	-0.0020305	0.260193	
9.78013	-0.0290741	-0.00306576	0.273482	
9.79013	-0.0302345	0.000330491	0.28608	
9.80013	-0.0330678	0.00458823	0.298417	
9.81013	-0.0370626	0.00962665	0.310587	
9.82013	-0.0413733	0.0143838	0.323181	
9.83013	-0.044383	0.0159103	0.337344	
9.84013	-0.0471798	0.0173697	0.351094	
9.85013	-0.049012	0.01883	0.36425	
9.86013	-0.0511802	0.018741	0.377493	
9.87013	-0.0533457	0.0165329	0.391272	
9.88013	-0.0533095	0.0170541	0.403533	
9.89013	-0.0540759	0.0177528	0.414899	
9.90013	-0.0553287	0.0186603	0.425364	
9.91013	-0.0569418	0.0199152	0.434793	
9.92013	-0.0586446	0.021256	0.443238	
9.93013	-0.0602046	0.0224189	0.450978	
9.94013	-0.0614072	0.023095	0.458363	
9.95013	-0.0620287	0.023108	0.465309	
9.96013	-0.0621763	0.0225936	0.471808	
9.97013	-0.0617733	0.0214941	0.477837	
9.98013	-0.0607584	0.0197636	0.483375	
9.99013	-0.0590744	0.0173574	0.488403	
10.0001	-0.0566643	0.0142301	0.492905	
10.0101	-0.0534779	0.0103382	0.496872	
10.0201	-0.0494697	0.00563118	0.500306	
10.0301	-0.0445939	6.35004e-05	0.50319	
10.0401	-0.0385919	-0.00667222	0.505519	
10.0501	-0.0314197	-0.0145729	0.507283	
10.0601	-0.0229735	-0.0238271	0.508714	
10.0701	-0.0134065	-0.0343045	0.509443	
10.0801	-0.00262102	-0.0461432	0.509718	
10.0901	0.00942703	-0.0594119	0.509587	
10.1001	0.0143785	-0.069123	0.508819	
10.1101	0.0112786	-0.0709617	0.506875	
10.1201	0.00917901	-0.0701071	0.504395	
10.1301	0.00783571	-0.0667811	0.501127	
10.1401	0.00734865	-0.0611322	0.497028	
10.1501	0.0065541	-0.0548341	0.492265	
10.1601	0.00493264	-0.053516	0.487024	
10.1701	0.00389727	-0.0531936	0.482113	
10.1801	0.00243018	-0.0523967	0.476949	
10.1901	0.000731505	-0.051703	0.471481	
10.2001	-0.00129618	-0.0511309	0.465781	
10.2101	-0.00370164	-0.0507172	0.460212	
10.2201	-0.00631955	-0.0504864	0.454626	
10.2301	-0.00917296	-0.0503707	0.448886	
10.2401	-0.0123179	-0.0503418	0.443031	
10.2501	-0.0156106	-0.0504243	0.437137	
10.2601	-0.0191727	-0.0506434	0.431429	
10.2701	-0.0220993	-0.0508638	0.425807	
10.2801	-0.021897	-0.0507211	0.419146	
10.2901	-0.0216331	-0.0505112	0.411837	
10.3001	-0.0214787	-0.0501429	0.403929	
10.3101	-0.0213465	-0.0495447	0.395506	
10.3201	-0.0207945	-0.0480355	0.386917	
10.3301	-0.0192124	-0.0446484	0.37835	
10.3401	-0.0166095	-0.0395972	0.369882	
10.3501	-0.0165217	-0.0385353	0.358827	
10.3601	-0.0170504	-0.0391449	0.347981	
10.3701	-0.0171255	-0.0387582	0.337806	
10.3801	-0.0159839	-0.0375891	0.330035	
10.3901	-0.0129712	-0.0358106	0.332971	
10.4001	-0.0114662	-0.0327556	0.335323	
10.4101	-0.00838552	-0.0292634	0.339547	
10.4201	-0.00505896	-0.0255146	0.341434	
10.4301	-0.00255383	-0.0216136	0.3404	
10.4401	-0.00168921	-0.0179093	0.336855	
10.4501	-0.0010124	-0.0139552	0.333497	
10.4601	-0.00140031	-0.00921186	0.325547	
10.4701	-0.00297194	-0.00444515	0.31742	
10.4801	-0.00550856	0.000413191	0.309533	
10.4901	-0.00658841	0.00594898	0.301591	
10.5001	-0.0058621	0.0126557	0.293455	
10.5101	-0.00333633	0.0204218	0.285067	
10.5201	-0.00126514	0.0290855	0.277392	
10.5301	0.00374659	0.0375586	0.269917	
10.5401	0.00970754	0.0461211	0.262724	
10.5501	0.0160556	0.0541675	0.255436	
10.5601	0.0217195	0.0609692	0.24801	
10.5701	0.0268495	0.06679	0.241124	
10.5801	0.0314118	0.0716632	0.234779	
10.5901	0.0352886	0.0755764	0.228803	
10.6001	0.0383338	0.0783629	0.223417	
10.6101	0.0405447	0.0802603	0.21856	
10.6201	0.041943	0.0811805	0.214158	
10.6301	0.0423933	0.0810487	0.210266	
10.6401	0.0419029	0.0799107	0.206917	
10.6501	0.0404438	0.0777269	0.20405	
10.6601	0.0378561	0.0743462	0.201649	
10.6701	0.0341488	0.0698131	0.199766	
10.6801	0.0293267	0.0641138	0.198368	
10.6901	0.0233789	0.0572258	0.197398	
10.7001	0.0162529	0.0490885	0.196901	
10.7101	0.0102886	0.0411778	0.197694	
10.7201	0.0107306	0.0398583	0.200777	
10.7302	0.0090378	0.0401634	0.204038	
10.7402	0.0101343	0.04169	0.206998	
10.7502	0.0106774	0.0428308	0.209831	
10.7602	0.0110615	0.0437716	0.213318	
10.7702	0.0111474	0.044703	0.217516	
10.7802	0.0111319	0.0456478	0.222324	
10.7902	0.0112358	0.0466271	0.227586	
10.8002	0.0108354	0.047585	0.232922	
10.8102	0.00857188	0.0492851	0.236997	
10.8202	0.00666241	0.051281	0.240601	
10.8302	0.00566396	0.0531884	0.243973	
10.8402	0.00840288	0.0544081	0.248684	
10.8502	0.0128782	0.0549646	0.254234	
10.8602	0.00987795	0.0562066	0.257361	
10.8702	0.00623631	0.05794	0.261117	
10.8802	0.00381962	0.0592612	0.265492	
10.8902	0.00211003	0.0602421	0.270366	
10.9002	0.000817981	0.0609738	0.275631	
10.9102	-0.00022941	0.061518	0.281314	
10.9202	-0.00108196	0.0617753	0.28772	
10.9302	-0.00197736	0.062079	0.294913	
10.9402	-0.0029368	0.0624853	0.302705	
10.9502	-0.00403786	0.0631379	0.310965	
10.9602	-0.00528139	0.0640385	0.319621	
10.9702	-0.00666387	0.0651615	0.32861	
10.9802	-0.00817303	0.0664764	0.337914	
10.9902	-0.00976261	0.0678576	0.347416	
11.0002	-0.0114555	0.069366	0.357086	
11.0102	-0.0136092	0.0706694	0.367034	
11.0202	-0.0180169	0.0691066	0.378653	
11.0302	-0.0191344	0.071563	0.389011	
11.0402	-0.0211156	0.0753097	0.398958	
11.0502	-0.0244118	0.0800326	0.408673	
11.0602	-0.0277338	0.0840596	0.418731	
11.0702	-0.0311326	0.0877353	0.428837	
11.0802	-0.0347756	0.0914641	0.438799	
11.0902	-0.0391224	0.0959479	0.448604	
11.1002	-0.044028	0.100952	0.458381	
11.1102	-0.0493851	0.10633	0.468097	
11.1202	-0.0550848	0.111989	0.477723	
11.1302	-0.0610487	0.117816	0.487218	
11.1402	-0.0671945	0.1237	0.496548	
11.1502	-0.0735022	0.129499	0.50568	
11.1602	-0.0798809	0.135083	0.514562	
11.1702	-0.0861009	0.140419	0.523165	
11.1802	-0.0920993	0.145414	0.531443	
11.1902	-0.0977986	0.150018	0.539341	
11.2002	-0.103151	0.154195	0.546811	
11.2102	-0.10807	0.1578	0.553857	
11.2202	-0.112472	0.160819	0.560418	
11.2302	-0.116273	0.163216	0.566461	
11.2402	-0.11945	0.16502	0.571936	
11.2502	-0.12196	0.16622	0.576838	
11.2602	-0.120726	0.164176	0.583211	
11.2702	-0.116987	0.158317	0.591064	
11.2802	-0.112158	0.151325	0.598182	
11.2902	-0.106537	0.143756	0.604006	
11.3002	-0.100394	0.135982	0.60832	
11.3102	-0.0935884	0.12788	0.611179	
11.3202	-0.0861703	0.119457	0.612548	
11.3302	-0.0780887	0.110577	0.612516	
11.3402	-0.069028	0.10082	0.611558	
11.3502	-0.0588928	0.0899184	0.610045	
11.3602	-0.0476765	0.0777995	0.608015	
11.3702	-0.0353442	0.0643794	0.605511	
11.3802	-0.0218764	0.0495913	0.602579	
11.3902	-0.00726617	0.0333679	0.59927	
11.4002	0.00849885	0.015629	0.59565	
11.4102	0.0254041	-0.00374164	0.591827	
11.4202	0.0436577	-0.0251998	0.588446	
11.4302	0.0629901	-0.0485789	0.585219	
11.4402	0.0833092	-0.0739627	0.582264	
11.4502	0.0886216	-0.0886145	0.58155	
11.4602	0.0832886	-0.0943671	0.578379	
11.4702	0.0785359	-0.0970437	0.573895	
11.4802	0.0743901	-0.0978037	0.569016	
11.4902	0.070415	-0.0975444	0.563329	
11.5002	0.0666144	-0.0958532	0.557363	
11.5102	0.0628947	-0.0926712	0.551472	
11.5202	0.0594698	-0.0877916	0.545799	
11.5302	0.0564295	-0.0811845	0.540394	
11.5402	0.0537675	-0.0730078	0.535314	
11.5502	0.0467032	-0.076615	0.529669	
11.5602	0.0408713	-0.0794484	0.525922	
11.5702	0.0343859	-0.07975	0.523415	
11.5802	0.0259329	-0.0797458	0.520655	
11.5902	0.0204811	-0.0786518	0.518182	
11.6002	0.0142833	-0.0770799	0.515269	
11.6102	0.0107859	-0.0740493	0.510353	
11.6202	0.0148289	-0.0661798	0.500938	
11.6302	0.0208062	-0.0560339	0.490849	
11.6402	0.0275781	-0.0447168	0.480493	
11.6502	0.0316766	-0.036542	0.468669	
11.6602	0.028056	-0.0411986	0.452526	
11.6702	0.02687	-0.0478813	0.435762	
11.6802	0.0257899	-0.0502463	0.421545	
11.6902	0.0261192	-0.0496415	0.409749	
11.7002	0.0274442	-0.0474278	0.399185	
11.7102	0.0291426	-0.0445769	0.388673	
11.7202	0.0312589	-0.0413523	0.378173	
11.7302	0.0336828	-0.0378861	0.367734	
11.7402	0.0363197	-0.0342924	0.3574	
11.7502	0.0391175	-0.030644	0.347212	
11.7602	0.041938	-0.0271201	0.337212	
11.7702	0.0447045	-0.0238057	0.327442	
11.7802	0.0473196	-0.0208189	0.317946	
11.7902	0.0496686	-0.0182678	0.308765	
11.8002	0.0516297	-0.0162805	0.299947	
11.8102	0.0530697	-0.0149767	0.291535	
11.8202	0.0539092	-0.0144177	0.283555	
11.8302	0.0540983	-0.0146268	0.276049	
11.8402	0.0536003	-0.0156169	0.269064	
11.8502	0.0522943	-0.0174958	0.262679	
11.8602	0.0501209	-0.0202915	0.256845	
11.8702	0.0470211	-0.0240472	0.251603	
11.8802	0.0429414	-0.0288084	0.24698	
11.8902	0.0378325	-0.0346148	0.242987	
11.9002	0.03158	-0.041485	0.23963	
11.9102	0.0240651	-0.0495373	0.236877	
11.9202	0.0153381	-0.0589575	0.234769	
11.9302	0.00541024	-0.0696864	0.23322	
11.9402	-0.00578439	-0.0817951	0.232126	
11.9502	-0.0182749	-0.0953284	0.231459	
11.9602	-0.0296907	-0.10901	0.231641	
11.9702	-0.0273153	-0.11441	0.23771	
11.9802	-0.0232145	-0.117751	0.243446	
11.9902	-0.0200033	-0.119125	0.24983	
12.0002	-0.0174961	-0.117948	0.256406	
12.0102	-0.0158418	-0.114596	0.262585	
12.0202	-0.015009	-0.109187	0.26847	
12.0302	-0.0148783	-0.101962	0.274102	
12.0402	-0.0152334	-0.092977	0.279548	
12.0502	-0.0113942	-0.0898512	0.284798	
12.0602	-0.00932824	-0.0897451	0.29008	
12.0702	-0.00895985	-0.0918135	0.295498	
12.0802	-0.00626394	-0.0918153	0.300682	
12.0902	-0.00328454	-0.09155	0.306445	
12.1002	-0.000140606	-0.0915546	0.312675	
12.1102	0.00316366	-0.0918153	0.319387	
12.1202	0.00664687	-0.092243	0.326195	
12.1302	0.0103505	-0.0927259	0.33318	
12.1402	0.0144148	-0.0933403	0.340162	
12.1502	0.0189335	-0.0939695	0.34654	
12.1602	0.023842	-0.0945668	0.352395	
12.1702	0.0291982	-0.094944	0.357765	
12.1802	0.0346573	-0.0946995	0.362885	
12.1902	0.0398494	-0.0938842	0.367518	
12.2002	0.0447663	-0.0930425	0.371691	
12.2102	0.0493689	-0.0915867	0.375215	
12.2202	0.054475	-0.08982	0.37847	
12.2302	0.057445	-0.0877671	0.381581	
12.2402	0.0547687	-0.0850168	0.388672	
12.2502	0.0520058	-0.0826433	0.399121	
12.2602	0.0495196	-0.0801258	0.410197	
12.2702	0.047127	-0.0773148	0.421513	
12.2802	0.044902	-0.0747288	0.433272	
12.2902	0.0428041	-0.0715618	0.444959	
12.3002	0.0405982	-0.0682481	0.456556	
12.3102	0.0384267	-0.0649387	0.468075	
12.3202	0.0351263	-0.0617092	0.477125	
12.3302	0.028728	-0.0580957	0.474837	
12.3402	0.0228383	-0.0545497	0.471099	
12.3502	0.0175994	-0.0515302	0.467327	
12.3602	0.0127014	-0.0487045	0.466239	
12.3702	0.00619976	-0.0464678	0.468642	
12.3802	-0.00123512	-0.0440724	0.47401	
12.3902	-0.00939796	-0.0428333	0.48311	
12.4002	-0.0163234	-0.0417714	0.49403	
12.4102	-0.0226943	-0.0394626	0.506681	
12.4202	-0.0274916	-0.0376242	0.521715	
12.4302	-0.0302993	-0.0355712	0.538082	
12.4402	-0.03251	-0.0331664	0.553175	
12.4502	-0.0344498	-0.0309108	0.566714	
12.4602	-0.0360681	-0.0289461	0.57869	
12.4702	-0.0372444	-0.0273117	0.588998	
12.4802	-0.0383857	-0.025624	0.597223	
12.4902	-0.0407262	-0.0227252	0.603372	
12.5002	-0.042898	-0.02006	0.608645	
12.5102	-0.04473	-0.0179152	0.613303	
12.5202	-0.046477	-0.0159139	0.617376	
12.5302	-0.0479801	-0.0141999	0.620853	
12.5402	-0.0494196	-0.0125889	0.623741	
12.5502	-0.0507251	-0.0111164	0.626064	
12.5602	-0.0517433	-0.00998935	0.627791	
12.5702	-0.0524186	-0.00921613	0.628934	
12.5802	-0.0531948	-0.00828006	0.629435	
12.5902	-0.0539839	-0.00727171	0.629344	
12.6002	-0.0541897	-0.00678711	0.628628	
12.6102	-0.0528514	-0.00794489	0.627232	
12.6202	-0.0546066	-0.00640808	0.625221	
12.6302	-0.0560565	-0.00459089	0.62286	
12.6402	-0.057112	-0.00319089	0.619896	
12.6502	-0.0578915	-0.0019855	0.616361	
12.6602	-0.0585671	-0.000864219	0.612324	
12.6702	-0.0591732	9.41515e-05	0.60832	
12.6802	-0.0599901	0.00102928	0.603978	
12.6902	-0.0611354	0.00184603	0.599301	
12.7002	-0.0625739	0.00257561	0.594292	
12.7102	-0.0643823	0.0031954	0.58897	
12.7202	-0.0651711	0.00396934	0.583831	
12.7302	-0.0646924	0.00667164	0.578866	
12.7402	-0.0639226	0.00967157	0.573837	
12.7502	-0.0641426	0.00929042	0.568583	
12.7602	-0.063876	0.00959064	0.56303	
12.7702	-0.0632902	0.0103283	0.557139	
12.7802	-0.0624994	0.0112144	0.550895	
12.7902	-0.061524	0.0124636	0.544327	
12.8002	-0.0602955	0.014206	0.537434	
12.8102	-0.0587767	0.0164944	0.530216	
12.8202	-0.0569423	0.0193749	0.522685	
12.8302	-0.0547514	0.0228744	0.514857	
12.8402	-0.0521917	0.026992	0.506735	
12.8502	-0.0496624	0.0309634	0.498196	
12.8602	-0.0467836	0.0354353	0.489444	
12.8702	-0.0429515	0.039077	0.480083	
12.8802	-0.0371763	0.0394937	0.469469	
12.8902	-0.0301081	0.0367017	0.457541	
12.9002	-0.021545	0.0309723	0.444488	
12.9102	-0.0116889	0.0222916	0.430442	
12.9202	-0.000716253	0.0103073	0.415392	
12.9302	0.000192238	0.00651683	0.406501	
12.9402	0.000523625	0.00620399	0.398009	
12.9502	-0.00677412	0.0115751	0.385583	
12.9602	-0.0187665	0.0235594	0.380384	
12.9702	-0.0264658	0.0345064	0.375213	
12.9802	-0.0305939	0.0444927	0.369924	
12.9902	-0.0310999	0.0531561	0.364215	
13.0002	-0.0278437	0.0603391	0.358204	
13.0102	-0.021036	0.0659991	0.35198	
13.0202	-0.0107498	0.0700231	0.345583	
13.0302	0.00214647	0.0721356	0.338784	
13.0402	0.0179751	0.0723076	0.331735	
13.0502	0.0301491	0.0719284	0.324466	
13.0602	0.0319034	0.0714058	0.318097	
13.0702	0.0304987	0.0699023	0.312318	
13.0802	0.0287308	0.0676036	0.306722	
13.0902	0.0263059	0.0645656	0.301317	
13.1002	0.02283	0.0607414	0.296008	
13.1102	0.0183689	0.0558554	0.29079	
13.1202	0.0127344	0.0500098	0.285662	
13.1302	0.00594878	0.0431462	0.280733	
13.1402	-0.00175976	0.0352708	0.276359	
13.1502	-0.0105977	0.0261474	0.272563	
13.1602	-0.0205483	0.0158345	0.269329	
13.1702	-0.0316553	0.00423795	0.266624	
13.1802	-0.0439961	-0.00873853	0.264412	
13.1902	-0.0576073	-0.0231477	0.262643	
13.2002	-0.0631371	-0.033773	0.263575	
13.2102	-0.0579711	-0.0354065	0.267117	
13.2202	-0.0544203	-0.0346485	0.270596	
13.2302	-0.0521868	-0.0314084	0.274283	
13.2402	-0.0509869	-0.0260036	0.278384	
13.2502	-0.0496488	-0.019799	0.282622	
13.2602	-0.0470236	-0.0181328	0.285957	
13.2702	-0.0463891	-0.018412	0.28979	
13.2802	-0.0451156	-0.0180747	0.29444	
13.2902	-0.0437298	-0.0176384	0.29961	
13.3002	-0.0422547	-0.0174142	0.305103	
13.3102	-0.0407843	-0.0173634	0.310524	
13.3202	-0.0390864	-0.0162006	0.315757	
13.3302	-0.0366816	-0.0159726	0.321039	
13.3402	-0.0341336	-0.0158595	0.326051	
13.3502	-0.0314077	-0.015591	0.330813	
13.3602	-0.0284878	-0.0151838	0.335297	
13.3702	-0.0254135	-0.0146634	0.339433	
13.3802	-0.0221769	-0.0140232	0.343099	
13.3902	-0.0172088	-0.013635	0.34644	
13.4002	-0.0126515	-0.0127269	0.349218	
13.4102	-0.00928152	-0.0122429	0.350712	
13.4202	-0.00934906	-0.0113845	0.354783	
13.4302	-0.0108429	-0.0106483	0.361256	
13.4402	-0.0123846	-0.00958045	0.368203	
13.4502	-0.0142297	-0.00851219	0.375674	
13.4602	-0.0160764	-0.00627233	0.383308	
13.4702	-0.0182311	-0.00358613	0.391277	
13.4802	-0.0203739	-0.000982671	0.399646	
13.4902	-0.0224937	0.00169353	0.408204	
13.5002	-0.0249427	0.00475268	0.417033	
13.5102	-0.0277999	0.00835347	0.426055	
13.5202	-0.0311053	0.0125647	0.435284	
13.5302	-0.0346348	0.0168346	0.444828	
13.5402	-0.037678	0.0201292	0.454895	
13.5502	-0.0399448	0.0219413	0.465938	
13.5602	-0.0420835	0.0235393	0.477026	
13.5702	-0.044002	0.0248839	0.488009	
13.5802	-0.0453847	0.0252954	0.499271	
13.5902	-0.0464495	0.0251905	0.510395	
13.6002	-0.0466243	0.0237525	0.521974	
13.6102	-0.046988	0.0225152	0.532851	
13.6202	-0.0471092	0.0211359	0.543009	
13.6302	-0.0470123	0.0195776	0.552461	
13.6402	-0.0470319	0.0185271	0.561145	
13.6502	-0.0469724	0.0174743	0.569602	
13.6602	-0.0467334	0.0162224	0.577799	
13.6702	-0.0462244	0.0146906	0.585683	
13.6802	-0.0454139	0.0127214	0.593246	
13.6902	-0.0440821	0.0103516	0.600431	
13.7002	-0.0421558	0.00746872	0.607217	
13.7102	-0.0395646	0.00392516	0.613581	
13.7202	-0.0362541	-0.000313294	0.619487	
13.7302	-0.0321788	-0.00528095	0.624921	
13.7402	-0.0272832	-0.0110414	0.629875	
13.7502	-0.0215119	-0.0176532	0.634345	
13.7602	-0.0148135	-0.0251716	0.638331	
13.7702	-0.00713927	-0.0336591	0.641848	
13.7802	0.00155811	-0.0431733	0.644893	
13.7902	0.00278977	-0.046923	0.645998	
13.8002	0.00341118	-0.0464012	0.647084	
13.8102	0.00388408	-0.045401	0.648293	
13.8202	0.00417355	-0.0455661	0.649051	
13.8302	0.00476288	-0.046164	0.64922	
13.8402	0.00588878	-0.0473866	0.648799	
13.8502	0.00554925	-0.0470428	0.647841	
13.8602	0.0052528	-0.0466551	0.64629	
13.8702	0.00501956	-0.0464064	0.644168	
13.8802	0.00475687	-0.0461352	0.641467	
13.8902	0.00445538	-0.0458316	0.638196	
13.9002	0.00410926	-0.0454792	0.634361	
13.9102	0.0037319	-0.0451171	0.630116	
13.9202	0.00330022	-0.0446148	0.625942	
13.9302	0.00327463	-0.0419828	0.62166	
13.9402	0.00151276	-0.0426473	0.616722	
13.9502	-0.000192541	-0.0431279	0.611521	
13.9602	-0.00223017	-0.0432702	0.605951	
13.9702	-0.00459422	-0.0432487	0.600433	
13.9802	-0.00729503	-0.0432429	0.59502	
13.9902	-0.0102995	-0.0432622	0.589746	
14.0002	-0.013572	-0.0433108	0.584664	
14.0102	-0.0172641	-0.0434112	0.580022	
14.0202	-0.0214302	-0.0436347	0.575966	
14.0302	-0.0261253	-0.044125	0.572494	
14.0402	-0.0314666	-0.0452552	0.569453	
14.0502	-0.0370463	-0.0462758	0.567059	
14.0602	-0.0425302	-0.0466037	0.565666	
14.0702	-0.0456648	-0.0457882	0.562199	
14.0802	-0.0453855	-0.0437911	0.554217	
14.0902	-0.0448437	-0.0416987	0.545518	
14.1002	-0.0442004	-0.0396754	0.536692	
14.1102	-0.0434428	-0.0375595	0.527728	
14.1202	-0.0425209	-0.0352207	0.518525	
14.1302	-0.0414511	-0.0326613	0.509102	
14.1402	-0.0401486	-0.0297286	0.49951	
14.1502	-0.0385623	-0.0263862	0.489734	
14.1602	-0.0367733	-0.0227425	0.479777	
14.1702	-0.0341537	-0.0202439	0.469418	
14.1802	-0.0296162	-0.0209266	0.457988	
14.1902	-0.0235573	-0.0247364	0.445395	
14.2002	-0.0238834	-0.0221516	0.438049	
14.2102	-0.0249542	-0.016055	0.431019	
14.2202	-0.0233167	-0.0104005	0.424321	
14.2302	-0.020626	-0.00532956	0.417344	
14.2402	-0.0175775	-0.000881501	0.410125	
14.2502	-0.0143883	0.00306068	0.402781	
14.2602	-0.0091474	0.00866056	0.396413	
14.2702	-0.00280291	0.0156107	0.390005	
14.2802	0.00313698	0.0220025	0.383334	
14.2902	0.00845632	0.0275259	0.376527	
14.3002	0.0131407	0.0321403	0.369795	
14.3102	0.0170623	0.0357744	0.363193	
14.3202	0.0201754	0.0384294	0.35676	
14.3302	0.0223925	0.0400618	0.350535	
14.3402	0.0236462	0.0406519	0.344562	
14.3502	0.0238359	0.0401368	0.338855	
14.3602	0.0229785	0.0385391	0.333471	
14.3702	0.020978	0.0357986	0.328407	
14.3802	0.0177958	0.0318787	0.323703	
14.3902	0.0134906	0.0267768	0.319537	
14.4002	0.0080227	0.0204551	0.315964	
14.4102	0.00652487	0.0165544	0.313725	
14.4202	0.00578315	0.0160366	0.312208	
14.4302	0.00762107	0.0174398	0.311071	
14.4402	0.00922411	0.0191163	0.310009	
14.4502	0.00618012	0.0202459	0.307629	
14.4602	0.00393756	0.0215228	0.302729	
14.4702	0.00486011	0.0221947	0.29898	
14.4802	0.00471822	0.0235166	0.296983	
14.4902	0.00437382	0.0232392	0.295315	
14.5002	0.00473121	0.023663	0.294449	
14.5102	0.00478368	0.0238731	0.293835	
14.5202	0.00463986	0.0238077	0.293552	
14.5302	0.00371225	0.024859	0.295687	
14.5402	0.0034924	0.0261414	0.300911	
14.5502	0.00374143	0.0264043	0.306613	
14.5602	0.00489039	0.0268403	0.31238	
14.5702	0.00651925	0.0271918	0.318387	
14.5802	0.00819719	0.0284207	0.324514	
14.5902	0.00819475	0.0320165	0.330418	
14.6002	0.00543376	0.0381441	0.336158	
14.6102	0.00205944	0.0461343	0.341985	
14.6202	0.00197557	0.0549638	0.348451	
14.6302	0.00525291	0.0645469	0.355242	
14.6402	0.00235059	0.0770976	0.361813	
14.6502	0.00318158	0.0779584	0.369065	
14.6602	0.00580944	0.060166	0.378143	
14.6702	0.00903628	0.0419929	0.387651	
14.6802	0.013276	0.0275938	0.39583	
14.6902	0.0169267	0.0161509	0.403218	
14.7002	0.0200086	0.00728905	0.410593	
14.7102	0.0222935	0.00063349	0.41829	
14.7202	0.0237382	-0.00393629	0.42631	
14.7302	0.024313	-0.00650092	0.434607	
14.7402	0.0240096	-0.0071727	0.443116	
14.7502	0.0227773	-0.00602538	0.451839	
14.7602	0.0205733	-0.0031254	0.460728	
14.7702	0.0173585	0.00146682	0.469792	
14.7802	0.0131291	0.00763983	0.478995	
14.7902	0.00801141	0.0149878	0.488386	
14.8002	0.00272622	0.0224129	0.497918	
14.8102	-0.00310075	0.0304813	0.507488	
14.8202	-0.00951272	0.0391431	0.517125	
14.8302	-0.0163742	0.0481551	0.526832	
14.8402	-0.0236185	0.0573986	0.536567	
14.8502	-0.0311811	0.0667628	0.546304	
14.8602	-0.0389865	0.0761315	0.556002	
14.8702	-0.0469628	0.0854117	0.565631	
14.8802	-0.0550477	0.0945332	0.575146	
14.8902	-0.0632639	0.103545	0.584518	
14.9002	-0.0715477	0.112369	0.593715	
14.9102	-0.0798285	0.12091	0.602702	
14.9202	-0.0880156	0.129094	0.611436	
14.9302	-0.09602	0.136852	0.619875	
14.9402	-0.102497	0.145082	0.628049	
14.9502	-0.105215	0.154874	0.635632	
14.9602	-0.108626	0.163001	0.642598	
14.9702	-0.115002	0.163353	0.651534	
14.9802	-0.116991	0.160668	0.661774	
14.9902	-0.116787	0.157586	0.670995	
15.0002	-0.11518	0.153993	0.678909	
15.0102	-0.113871	0.150343	0.685002	
15.0202	-0.114867	0.144869	0.690565	
15.0302	-0.113676	0.135905	0.697244	
15.0402	-0.103475	0.129065	0.701188	
15.0502	-0.0938951	0.122036	0.703103	
15.0602	-0.0852139	0.11414	0.703909	
15.0702	-0.0763747	0.105208	0.703961	
15.0802	-0.0667633	0.0951415	0.703493	
15.0903	-0.056214	0.0838948	0.7025	
15.1003	-0.0446418	0.0714162	0.700997	
15.1103	-0.0319792	0.0576502	0.699015	
15.1203	-0.0181824	0.0425372	0.696599	
15.1303	-0.00322011	0.0260044	0.693803	
15.1403	0.014756	0.0100996	0.690668	
15.1503	0.0360371	-0.00438326	0.68736	
15.1603	0.0546703	-0.0257875	0.683813	
15.1703	0.0624439	-0.0378414	0.679807	
15.1803	0.0593396	-0.0411893	0.674417	
15.1903	0.0555134	-0.0424539	0.66839	
15.2003	0.0507494	-0.0439265	0.661475	
15.2103	0.0525075	-0.0473317	0.655471	
15.2203	0.0554371	-0.053386	0.649898	
15.2303	0.0593897	-0.0617711	0.64423	
15.2403	0.0644659	-0.0724538	0.63859	
15.2503	0.0688389	-0.0840142	0.632635	
15.2603	0.0597307	-0.085906	0.624911	
15.2703	0.0482469	-0.0839495	0.616921	
15.2803	0.0400981	-0.0816903	0.609739	
15.2903	0.0338376	-0.0782509	0.60377	
15.3003	0.0311351	-0.0719342	0.597975	
15.3103	0.034399	-0.0624954	0.590145	
15.3203	0.0346354	-0.0606689	0.579635	
15.3303	0.0350529	-0.059187	0.56895	
15.3403	0.0356827	-0.0573568	0.5583	
15.3503	0.0365145	-0.0551573	0.547747	
15.3603	0.0375308	-0.0526023	0.537328	
15.3703	0.0387108	-0.0497261	0.52706	
15.3803	0.0401082	-0.0466566	0.516891	
15.3903	0.0418653	-0.0429796	0.506702	
15.4003	0.0441943	-0.0385337	0.496317	
15.4103	0.0467066	-0.0340029	0.485761	
15.4203	0.0491689	-0.0298411	0.475077	
15.4303	0.0520632	-0.0255727	0.464391	
15.4403	0.0551738	-0.0210879	0.453663	
15.4503	0.0589075	-0.015824	0.442814	
15.4603	0.0631417	-0.00994371	0.431923	
15.4703	0.0678965	-0.00365263	0.421016	
15.4803	0.0730426	0.00285472	0.410036	
15.4903	0.0781352	0.00896856	0.399095	
15.5003	0.0807444	0.0160645	0.388397	
15.5103	0.0860479	0.0214435	0.378367	
15.5203	0.0917125	0.026327	0.368049	
15.5303	0.0969843	0.0311391	0.358004	
15.5403	0.101874	0.0356752	0.348297	
15.5503	0.106391	0.0398039	0.338962	
15.5603	0.11042	0.0433051	0.329898	
15.5703	0.113566	0.0456973	0.321222	
15.5803	0.116257	0.047621	0.31331	
15.5903	0.118299	0.0488132	0.305944	
15.6003	0.119625	0.0492415	0.299171	
15.6103	0.120177	0.0488753	0.29302	
15.6203	0.119907	0.0476909	0.287519	
15.6303	0.118726	0.0456053	0.282694	
15.6403	0.116472	0.0424692	0.278586	
15.6503	0.113191	0.0383514	0.275209	
15.6603	0.108836	0.0332025	0.27258	
15.6703	0.103391	0.0270081	0.270677	
15.6803	0.0968044	0.0196862	0.269491	
15.6903	0.0890484	0.0111694	0.268902	
15.7003	0.0800947	0.00136832	0.268799	
15.7103	0.069924	-0.00980829	0.269099	
15.7203	0.0585266	-0.0224297	0.269743	
15.7303	0.0458854	-0.0365604	0.270697	
15.7403	0.0320038	-0.0522489	0.271941	
15.7503	0.0197388	-0.0676838	0.274664	
15.7603	0.0213008	-0.0729245	0.280455	
15.7703	0.0235947	-0.0731652	0.286923	
15.7803	0.025123	-0.0703888	0.293666	
15.7903	0.026004	-0.0646328	0.300639	
15.8003	0.0262743	-0.0558746	0.307865	
15.8103	0.0255826	-0.0443196	0.315275	
15.8203	0.0211214	-0.0395747	0.321269	
15.8303	0.0215338	-0.031785	0.328249	
15.8403	0.0289057	-0.0415418	0.338029	
15.8503	0.0350583	-0.0502994	0.346818	
15.8603	0.0388016	-0.0566688	0.355482	
15.8703	0.0414327	-0.0608392	0.364253	
15.8803	0.0430206	-0.0626043	0.372999	
15.8903	0.0435832	-0.0618872	0.381595	
15.9003	0.043115	-0.058784	0.390083	
15.9103	0.0416122	-0.0535949	0.398768	
15.9203	0.0409803	-0.0508473	0.407927	
15.9303	0.0409567	-0.0509881	0.417843	
15.9403	0.0407377	-0.0510033	0.428352	
15.9503	0.0402652	-0.0507855	0.439436	
15.9603	0.0395077	-0.0503246	0.450885	
15.9703	0.0390484	-0.0495698	0.462655	
15.9803	0.0375944	-0.0485382	0.474768	
15.9903	0.0360216	-0.0473601	0.487225	
16.0003	0.0342886	-0.0460821	0.499996	
16.0103	0.0323716	-0.0444245	0.51286	
16.0203	0.0301952	-0.0423232	0.525646	
16.0303	0.0277738	-0.040002	0.538363	
16.0403	0.0248945	-0.0379365	0.551344	
16.0503	0.0213376	-0.0379832	0.565573	
16.0603	0.0189831	-0.0357286	0.579364	
16.0703	0.0157928	-0.0324123	0.592724	
16.0803	0.011965	-0.0283809	0.605696	
16.0903	0.00788894	-0.0234775	0.617927	
16.1003	0.00343517	-0.0175265	0.628941	
16.1103	-0.00147686	-0.010867	0.638846	
16.1203	-0.00661514	-0.00402245	0.648205	
16.1303	-0.0117762	0.00260774	0.657405	
16.1403	-0.0168766	0.00892667	0.666415	
16.1503	-0.0218381	0.0148497	0.67519	
16.1603	-0.026664	0.0204164	0.683702	
16.1703	-0.0312739	0.0255475	0.691931	
16.1803	-0.0355756	0.0301593	0.699837	
16.1903	-0.0385328	0.0331166	0.707972	
16.2003	-0.0400784	0.0340816	0.716144	
16.2103	-0.0412991	0.0349146	0.723117	
16.2203	-0.0419586	0.0352102	0.72933	
16.2303	-0.0420514	0.0346499	0.73503	
16.2403	-0.0413816	0.0332179	0.740194	
16.2503	-0.0397988	0.030873	0.744822	
16.2603	-0.037138	0.0276191	0.748845	
16.2703	-0.0334977	0.0233366	0.752317	
16.2803	-0.0288025	0.0179778	0.755232	
16.2903	-0.0229665	0.0114843	0.757596	
16.3003	-0.015951	0.00381813	0.759414	
16.3103	-0.00770627	-0.0050922	0.760723	
16.3203	0.0017928	-0.0152891	0.761532	
16.3303	0.012583	-0.0268102	0.76187	
16.3403	0.0246756	-0.0397082	0.761766	
16.3503	0.0381035	-0.0540565	0.76127	
16.3603	0.0437422	-0.064351	0.759879	
16.3703	0.0389706	-0.0657029	0.75601	
16.3803	0.036062	-0.0649152	0.751542	
16.3903	0.0368379	-0.0631451	0.746887	
16.4003	0.0414828	-0.0605489	0.741968	
16.4103	0.0441272	-0.0635919	0.737941	
16.4203	0.0488361	-0.0691954	0.733937	
16.4303	0.0552195	-0.0768822	0.729687	
16.4403	0.0629368	-0.086687	0.725215	
16.4503	0.0719506	-0.09868	0.720595	
16.4603	0.0822429	-0.11293	0.715917	
16.4703	0.0798505	-0.117814	0.711155	
16.4803	0.0760407	-0.11833	0.706141	
16.4903	0.0731266	-0.116355	0.70095	
16.5003	0.0707794	-0.111844	0.695846	
16.5103	0.0669234	-0.11165	0.689773	
16.5203	0.0601825	-0.112388	0.683143	
16.5303	0.0492512	-0.115278	0.675991	
16.5403	0.0394378	-0.117417	0.670226	
16.5503	0.0291573	-0.116256	0.665082	
16.5603	0.0272829	-0.11049	0.662351	
16.5703	0.0019513	-0.101775	0.65703	
16.5803	0.00184463	-0.0895653	0.65608	
16.5903	-0.00107283	-0.0712509	0.652994	
16.6003	-0.00384802	-0.0536871	0.649733	
16.6103	-0.0038395	-0.0391252	0.645466	
16.6203	-0.00194884	-0.027947	0.639576	
16.6303	-0.000546433	-0.0226334	0.631371	
16.6403	0.00250458	-0.0208555	0.621743	
16.6503	0.0046528	-0.0155399	0.612382	
16.6603	0.00836214	-0.00808926	0.602492	
16.6703	0.0132897	0.000614646	0.592517	
16.6803	0.0184433	0.0089335	0.582346	
16.6903	0.0239088	0.0173693	0.572193	
16.7003	0.0298977	0.026132	0.561979	
16.7103	0.0336241	0.0364022	0.549365	
16.7203	0.0256489	0.0528906	0.53462	
16.7303	0.0203084	0.0680985	0.523776	
16.7403	0.0182761	0.0816151	0.512698	
16.7503	0.0195922	0.0932637	0.501447	
16.7603	0.023234	0.103363	0.490028	
16.7703	0.0302602	0.111186	0.478445	
16.7803	0.0415178	0.116179	0.466912	
16.7903	0.0553618	0.118978	0.455453	
16.8003	0.0630418	0.124849	0.448785	
16.8103	0.0687014	0.130574	0.440128	
16.8203	0.0739539	0.13547	0.431847	
16.8303	0.0786045	0.139525	0.423996	
16.8403	0.0774139	0.138158	0.413644	
16.8503	0.0752312	0.135148	0.403801	
16.8603	0.0742002	0.13276	0.396864	
16.8703	0.0729818	0.130346	0.391629	
16.8803	0.0708975	0.127075	0.387016	
16.8903	0.0678827	0.122922	0.383058	
16.9003	0.0639194	0.117866	0.379768	
16.9103	0.0589489	0.111866	0.377153	
16.9203	0.0529214	0.10486	0.37521	
16.9303	0.0457943	0.0968101	0.373932	
16.9403	0.0375506	0.0876738	0.373296	
16.9503	0.0281838	0.0773207	0.373266	
16.9603	0.0175624	0.0656636	0.373837	
16.9703	0.00565957	0.0526667	0.374989	
16.9803	-0.0075634	0.0382667	0.376688	
16.9903	-0.0221225	0.0223707	0.378863	
17.0003	-0.0380154	0.00490832	0.381448	
17.0103	-0.0520287	-0.0118744	0.384392	
17.0203	-0.0494425	-0.0160203	0.388947	
17.0303	-0.0461825	-0.0157458	0.393561	
17.0403	-0.0442571	-0.0133213	0.398157	
17.0503	-0.0432366	-0.0087086	0.403002	
17.0603	-0.0427986	-0.00198153	0.408272	
17.0703	-0.0405784	-0.000509866	0.414567	
17.0803	-0.0386504	0.000853456	0.42039	
17.0903	-0.0366851	0.00323251	0.42564	
17.1003	-0.0336012	0.00252203	0.431588	
17.1103	-0.0305174	0.00238359	0.436964	
17.1203	-0.0288796	0.000511313	0.442824	
17.1303	-0.0292292	-0.00405119	0.449617	
17.1403	-0.0251464	-0.00506565	0.454548	
17.1503	-0.0188641	-0.00134356	0.457056	
17.1603	-0.0134552	0.00126401	0.458896	
17.1703	-0.00864853	0.00303124	0.459755	
17.1803	-0.00612044	0.00215055	0.46056	
17.1903	-0.00583391	-0.00214481	0.461803	
17.2003	-0.00852496	-0.00904098	0.463359	
17.2103	-0.0137027	-0.0194951	0.465138	
17.2203	-0.0217951	-0.0329789	0.466962	
17.2303	-0.0259972	-0.0421698	0.462404	
17.2403	-0.0218769	-0.0407548	0.453982	
17.2503	-0.0187538	-0.0355289	0.445937	
17.2603	-0.0164827	-0.0294496	0.437696	
17.2703	-0.0217267	-0.0184167	0.434255	
17.2803	-0.0302043	-0.0107126	0.439601	
17.2903	-0.0352802	-0.00840091	0.451844	
17.3003	-0.0359297	-0.00349488	0.466385	
17.3103	-0.0272759	0.0131231	0.478217	
17.3203	-0.0249432	0.0295472	0.490191	
17.3303	-0.0264156	0.0446353	0.50236	
17.3403	-0.0273781	0.0545926	0.517058	
17.3503	-0.0282586	0.0589393	0.533795	
17.3603	-0.0309716	0.0601451	0.551553	
17.3703	-0.0349393	0.0580942	0.569953	
17.3803	-0.0386722	0.0521071	0.589516	
17.3903	-0.0386149	0.0488944	0.606946	
17.4003	-0.0385453	0.0471041	0.623762	
17.4103	-0.0386526	0.0459855	0.639254	
17.4203	-0.0389194	0.0451497	0.653505	
17.4303	-0.0391747	0.0444897	0.666424	
17.4403	-0.0393368	0.043855	0.677945	
17.4503	-0.0393359	0.043123	0.687994	
17.4603	-0.0390903	0.0421704	0.696524	
17.4703	-0.0384932	0.0408655	0.703526	
17.4803	-0.0373731	0.0391194	0.7094	
17.4903	-0.0354257	0.0365243	0.714682	
17.5003	-0.0325644	0.0329917	0.7194	
17.5103	-0.0287358	0.0284837	0.723548	
17.5203	-0.0238699	0.0229301	0.727145	
17.5303	-0.017934	0.0162783	0.73016	
17.5403	-0.0108569	0.00850112	0.732639	
17.5503	-0.00257406	-0.000470456	0.734598	
17.5603	0.00694764	-0.0106889	0.736061	
17.5703	0.0177342	-0.0222122	0.737063	
17.5803	0.0298537	-0.0351153	0.73764	
17.5903	0.043331	-0.0494523	0.737841	
17.6003	0.0581994	-0.0652954	0.737723	
17.6103	0.0744921	-0.082724	0.73736	
17.6203	0.0921673	-0.101877	0.736883	
17.6303	0.111383	-0.12275	0.736338	
17.6403	0.132171	-0.145431	0.735844	
17.6503	0.154594	-0.170009	0.735538	
17.6603	0.177179	-0.196474	0.73527	
17.6703	0.203741	-0.225419	0.736608	
17.6803	0.232147	-0.256778	0.73907	
17.6903	0.263734	-0.286044	0.742208	
17.7003	0.29948	-0.303265	0.744217	
17.7103	0.333554	-0.32101	0.745609	
17.7203	0.366003	-0.339877	0.746372	
17.7303	0.396437	-0.360869	0.746691	
17.7403	0.42485	-0.384181	0.746647	
17.7503	0.451404	-0.40881	0.746079	
17.7603	0.476322	-0.430373	0.744284	
17.7703	0.497251	-0.45222	0.74157	
17.7803	0.515945	-0.474563	0.73846	
17.7903	0.533726	-0.497261	0.735224	
17.8003	0.551255	-0.520161	0.732028	
17.8103	0.568676	-0.543242	0.72892	
17.8203	0.586081	-0.566502	0.725935	
17.8303	0.603556	-0.589933	0.723115	
17.8403	0.621167	-0.614467	0.720491	
17.8503	0.639279	-0.64061	0.718158	
17.8603	0.657518	-0.66732	0.716095	
17.8703	0.675863	-0.694399	0.714335	
17.8803	0.694507	-0.721822	0.712942	
17.8903	0.713685	-0.749555	0.711948	
17.9003	0.73361	-0.777593	0.711415	
17.9103	0.754493	-0.805947	0.711451	
17.9203	0.776565	-0.834634	0.712199	
17.9303	0.800062	-0.863672	0.713841	
17.9403	0.825233	-0.893086	0.716599	
17.9503	0.838349	-0.927154	0.710411	
17.9603	0.780974	-0.999665	0.634805	
17.9703	0.601436	-1.11269	0.431592	
17.9803	0.26768	-1.20384	0.0856013	
17.9903	-0.167253	-1.23159	-0.352669	
18.0003	-0.513664	-1.20961	-0.696066	
18.0103	-0.739089	-1.17471	-0.913161	
18.0203	-0.880602	-1.14952	-1.04206	
18.0303	-0.970234	-1.14452	-1.11588	
18.0403	-1.04807	-1.14639	-1.17809	
18.0503	-1.13187	-1.14247	-1.24814	
18.0603	-1.21794	-1.13266	-1.32205	
18.0703	-1.304	-1.13203	-1.39256	
18.0803	-1.40509	-1.11603	-1.47325	
18.0903	-1.47623	-0.90702	-1.54249	
18.1003	-1.50526	-0.871274	-1.56561	
18.1103	-1.5312	-0.845248	-1.58717	
18.1203	-1.55482	-0.815502	-1.60829	
18.1303	-1.57593	-0.782425	-1.62851	
18.1403	-1.59449	-0.746402	-1.64757	
18.1503	-1.61054	-0.707797	-1.66536	
18.1603	-1.62419	-0.666952	-1.68188	
18.1703	-1.63556	-0.624175	-1.69719	
18.1803	-1.64478	-0.579746	-1.71137	
18.1903	-1.65201	-0.533913	-1.72452	
18.2003	-1.65738	-0.4869	-1.73675	
18.2103	-1.66102	-0.438905	-1.74816	
18.2203	-1.66303	-0.3901	-1.75886	
18.2303	-1.66354	-0.340646	-1.76892	
18.2403	-1.66265	-0.290681	-1.77846	
18.2503	-1.66043	-0.240324	-1.78753	
18.2603	-1.65696	-0.18968	-1.7962	
18.2703	-1.65232	-0.138843	-1.80454	
18.2803	-1.64653	-0.0878886	-1.81262	
18.2903	-1.63956	-0.0368841	-1.82051	
18.3003	-1.63143	0.0141094	-1.82827	
18.3103	-1.62215	0.0650354	-1.83595	
18.3203	-1.61172	0.115848	-1.84358	
18.3303	-1.60018	0.166509	-1.85121	
18.3403	-1.58753	0.21699	-1.85885	
18.3503	-1.57382	0.267273	-1.86655	
18.3603	-1.55907	0.317337	-1.87432	
18.3703	-1.54331	0.367168	-1.88219	
18.3803	-1.52653	0.416757	-1.89021	
18.3903	-1.5086	0.4661	-1.89845	
18.4003	-1.48946	0.515201	-1.90697	
18.4103	-1.46908	0.564064	-1.91582	
18.4203	-1.44756	0.612694	-1.92499	
